1572 2953 31 211.393 5.66857e-05 0 -1
1350 2541 31 218.93 0.000148329 0 -1
1042 1532 31 120.026 5.98049e-05 0 -1
1900 2916 31 69.1776 7.84237e-05 0 -1
1723 1861 31 348.223 9.10968e-05 0 -1
1171 3002 31 273.555 6.48812e-05 0 -1
945 1757 31 306.874 6.39542e-05 0 -1
2423 2998 31 249.38 7.70617e-05 0 -1
2100 3067 31 324.139 6.18366e-05 0 -1
1582 2968 31 69.005 6.342e-05 0 -1
1030 2575 31 14.6828 6.57645e-05 0 -1
1798 2995 31 51.7845 7.86006e-05 0 -1
1426 3017 31 308.702 8.52559e-05 0 -1
1700 1960 31 50.2443 7.63156e-05 0 -1
1579 1964 31 212.194 6.09745e-05 0 -1
1567 2902 31 0.823943 0.000122713 0 -1
2003 3006 31 53.3318 9.7653e-05 0 -1
1564 2900 31 358.87 7.61881e-05 0 -1
1202 2992 31 125.015 6.26406e-05 0 -1
1278 2989 31 68.6749 0.000188066 0 -1
1431 2988 31 52.5523 6.65071e-05 0 -1
1515 2912 31 45.2454 9.68602e-05 0 -1
1495 2987 31 301.441 6.28941e-05 0 -1
1317 3188 31 76.004 8.11959e-05 0 -1
1504 2984 31 217.433 8.49053e-05 0 -1
2844 3376 31 292.929 6.80613e-05 0 -1
1192 2984 31 265.413 6.46046e-05 0 -1
1562 3256 31 105.298 6.9143e-05 0 -1
1495 2983 31 299.935 6.42966e-05 0 -1
1816 3255 31 237.469 5.92934e-05 0 -1
1469 2982 31 327.802 9.30347e-05 0 -1
2952 3252 31 19.1829 6.69397e-05 0 -1
1883 2980 31 207.723 6.44527e-05 0 -1
1700 3068 31 73.5721 7.65579e-05 0 -1
1802 3239 31 95.0647 9.40727e-05 0 -1
2176 2324 31 285.955 0.000202418 0 -1
1999 3014 31 69.6573 0.000125421 0 -1
2177 2328 31 316.084 0.000299639 0 -1
1187 3197 31 82.2381 0.000106183 0 -1
1542 2971 31 291.208 6.80541e-05 0 -1
1415 2904 31 79.234 8.52283e-05 0 -1
1435 2578 31 278.666 9.46083e-05 0 -1
1911 3038 31 105.08 0.000115336 0 -1
1668 2468 31 264.032 7.94129e-05 0 -1
1615 3403 31 274.545 0.000109242 0 -1
1881 2982 31 233.926 7.45744e-05 0 -1
1809 3050 31 81.6391 0.000112222 0 -1
1642 2967 31 344.813 9.08035e-05 0 -1
2682 3409 31 278.086 0.000169693 0 -1
1930 2303 31 24.0928 0.000165485 0 -1
1933 2305 31 237.618 9.86569e-05 0 -1
1369 3180 31 130.985 6.49536e-05 0 -1
2041 3075 31 297.258 9.02568e-05 0 -1
1954 3177 31 262.145 6.9659e-05 0 -1
2681 3411 31 275.499 0.000153239 0 -1
2010 1488 31 80.839 7.89609e-05 0 -1
1142 2631 31 35.2214 7.78648e-05 0 -1
2177 2335 31 50.7361 0.000191659 0 -1
2156 2337 31 314.907 0.000364259 0 -1
1335 3293 31 86.9864 8.15408e-05 0 -1
2140 2339 31 207.781 0.000321472 0 -1
2154 2341 31 320.878 9.14195e-05 0 -1
2182 2354 31 284.632 0.00018232 0 -1
1139 2634 31 62.6646 6.91493e-05 0 -1
1919 1450 31 304.168 9.80332e-05 0 -1
2186 2370 31 55.5383 0.0002554 0 -1
1635 1990 31 305.736 7.68122e-05 0 -1
1991 2375 31 328.865 6.83061e-05 0 -1
1978 2380 31 241.337 0.000308124 0 -1
1945 2389 31 290.472 0.000294881 0 -1
1668 2460 31 265.308 6.84039e-05 0 -1
1948 2390 31 301.987 0.000146594 0 -1
1924 2392 31 214.594 0.000102394 0 -1
2157 2399 31 129.485 0.000364864 0 -1
1885 2405 31 310.104 0.000304563 0 -1
2150 2406 31 142.747 7.12415e-05 0 -1
1870 2409 31 196.888 0.000199403 0 -1
1968 2410 31 310.769 0.000393113 0 -1
1355 2605 31 123.653 8.45306e-05 0 -1
1768 2427 31 290.115 0.000261704 0 -1
1914 2427 31 332.899 0.0002655 0 -1
1765 2431 31 282.456 0.000339918 0 -1
1907 3044 31 110.519 0.000103154 0 -1
1892 2434 31 336.129 0.000295195 0 -1
1765 2440 31 60.4946 0.000211918 0 -1
1701 2442 31 252.853 0.000115557 0 -1
1691 2444 31 256.466 0.000178876 0 -1
1522 2870 31 305.245 9.6171e-05 0 -1
1743 2445 31 321.637 0.000220326 0 -1
1967 2446 31 139.614 0.000142001 0 -1
1728 2447 31 198.439 0.000277387 0 -1
1688 2449 31 246.896 0.000198445 0 -1
1769 2449 31 116.934 0.000191328 0 -1
1962 2453 31 138.724 8.81739e-05 0 -1
1945 2459 31 27.0603 0.000155664 0 -1
1705 2463 31 68.1605 0.00012949 0 -1
1641 2464 31 321.795 7.84927e-05 0 -1
1375 2596 31 10.8081 0.000115705 0 -1
1886 2467 31 134.59 0.000338064 0 -1
1614 2471 31 195.369 6.33974e-05 0 -1
1708 2456 31 77.6935 0.00010001 0 -1
1601 2474 31 320.388 7.83706e-05 0 -1
1879 2474 31 145.18 7.7083e-05 0 -1
1599 2475 31 318.837 0.000110123 0 -1
1582 2481 31 217.568 0.000290774 0 -1
1966 3036 31 78.0173 0.00011481 0 -1
1595 2481 31 323.664 0.00032794 0 -1
1573 2482 31 187.398 7.67119e-05 0 -1
1550 2487 31 324.606 0.000138907 0 -1
1570 2956 31 238.202 6.63574e-05 0 -1
1545 2489 31 310.925 0.000284366 0 -1
1928 2955 31 241.45 6.53163e-05 0 -1
1971 2448 31 109.557 0.00025206 0 -1
1906 3023 31 296.235 8.24196e-05 0 -1
1485 2498 31 287.862 0.000164024 0 -1
1754 2501 31 41.7972 0.000234262 0 -1
1745 2503 31 115.396 0.000432101 0 -1
1434 2954 31 333.091 6.84493e-05 0 -1
1989 2376 31 324.675 0.000107688 0 -1
1586 2506 31 173.83 0.000244503 0 -1
1669 2506 31 254.131 6.79559e-05 0 -1
1586 2513 31 162.462 0.000231047 0 -1
1464 2514 31 322.226 0.000240474 0 -1
1666 3081 31 50.9924 6.90039e-05 0 -1
1429 2559 31 47.1591 0.000119709 0 -1
2097 1373 31 66.9735 8.45206e-05 0 -1
1449 2516 31 206.415 0.000269923 0 -1
1747 3150 31 197.337 8.30442e-05 0 -1
1392 2932 31 288.359 9.41199e-05 0 -1
1420 2525 31 44.8511 9.28708e-05 0 -1
1677 2525 31 80.1573 0.000198248 0 -1
1647 2528 31 37.657 0.000251692 0 -1
1486 2529 31 294.833 0.000153011 0 -1
2042 3025 31 229.028 6.14289e-05 0 -1
1636 2531 31 126.829 0.000340873 0 -1
1673 2534 31 99.9931 0.000157815 0 -1
1608 2537 31 8.75299 0.000302669 0 -1
1468 2538 31 337.633 0.000179853 0 -1
1358 2539 31 292.387 0.000268732 0 -1
1616 2539 31 2.46904 0.000130523 0 -1
1469 2543 31 348.582 0.000298648 0 -1
1426 2546 31 296.451 0.00029523 0 -1
1986 2933 31 310.311 7.56923e-05 0 -1
1489 2546 31 55.3431 0.000161901 0 -1
1588 2548 31 139.709 0.000114379 0 -1
1407 2551 31 336.191 0.000330293 0 -1
1786 3115 31 30.6028 0.00013015 0 -1
2090 3115 31 234.023 0.00010668 0 -1
1559 2551 31 15.494 0.000227524 0 -1
1567 2551 31 0.986247 8.62525e-05 0 -1
1406 2553 31 339.847 0.000202808 0 -1
1544 2554 31 139.393 0.000230432 0 -1
1292 2557 31 312.176 0.000194915 0 -1
1427 2559 31 55.3159 0.000174661 0 -1
1538 2560 31 145.446 0.000107077 0 -1
1439 2570 31 289.981 9.67748e-05 0 -1
1409 2559 31 355.798 0.000183955 0 -1
1228 2571 31 288.699 0.000334816 0 -1
1477 2571 31 8.34542 0.000119631 0 -1
1201 3117 31 149.815 5.85193e-05 0 -1
2760 2934 31 147.98 6.23998e-05 0 -1
1356 3077 31 92.2306 5.84162e-05 0 -1
1461 2575 31 136.749 0.000241206 0 -1
1216 2576 31 199.76 0.000150361 0 -1
1318 2579 31 326.086 0.000232283 0 -1
1455 2581 31 138.479 0.000118376 0 -1
1474 2946 31 82.6464 6.93847e-05 0 -1
1641 3087 31 44.6392 8.62982e-05 0 -1
1157 2588 31 309.287 0.000195119 0 -1
1975 1435 31 247.045 6.85789e-05 0 -1
1402 2589 31 136.866 0.000186996 0 -1
1299 2592 31 5.5232 0.000147111 0 -1
1975 1544 31 96.2631 7.42183e-05 0 -1
1403 2592 31 122.182 0.000239122 0 -1
2051 3122 31 73.8158 0.000104028 0 -1
1160 3123 31 168.86 8.25641e-05 0 -1
1534 3135 31 213.907 7.19352e-05 0 -1
1137 2596 31 195.791 0.000142429 0 -1
1274 2950 31 175.063 7.14942e-05 0 -1
1249 2596 31 255.857 0.000204253 0 -1
1234 2598 31 328.056 0.000251614 0 -1
1381 2598 31 9.76192 7.50114e-05 0 -1
1145 2599 31 187.339 0.000105621 0 -1
1974 2927 31 9.78854 5.96609e-05 0 -1
1332 3687 31 105.256 8.67265e-05 0 -1
2099 1287 31 90.3549 7.5655e-05 0 -1
1346 2610 31 63.248 0.000110924 0 -1
1292 2616 31 129.741 0.000132035 0 -1
1156 2618 31 157.02 0.000212868 0 -1
1141 2624 31 230.269 0.000158878 0 -1
1286 2624 31 134.335 7.50613e-05 0 -1
1932 2392 31 200.537 0.000189913 0 -1
1126 2665 31 143.667 8.21579e-05 0 -1
1283 2941 31 242.868 7.2193e-05 0 -1
1195 2646 31 1.95835 9.8801e-05 0 -1
1172 2648 31 131.108 0.00013645 0 -1
1544 3426 31 285.503 0.000102264 0 -1
1168 2654 31 134.347 6.26748e-05 0 -1
1785 2991 31 152.755 7.33675e-05 0 -1
1424 2556 31 43.3216 0.00011772 0 -1
2929 3343 31 18.2728 0.00012239 0 -1
2171 2396 31 17.3857 0.000171896 0 -1
1400 3342 31 19.9513 7.83221e-05 0 -1
2160 2401 31 105.465 0.000356288 0 -1
2927 3341 31 13.9543 8.4636e-05 0 -1
1869 3338 31 196.701 6.1315e-05 0 -1
1905 2406 31 186.239 9.17816e-05 0 -1
1885 2407 31 321.887 0.000255242 0 -1
2759 2938 31 127.152 5.70871e-05 0 -1
2057 2407 31 135.366 0.00010412 0 -1
1204 2940 31 284.938 6.01856e-05 0 -1
1171 2652 31 127.706 0.000116349 0 -1
624 4095 31 8.86317 6.2517e-05 0 -1
1525 2916 31 110.924 8.17752e-05 0 -1
1846 3059 31 115.658 0.00011938 0 -1
1170 2648 31 139.189 0.000113473 0 -1
1797 3051 31 77.4305 6.2599e-05 0 -1
1372 2598 31 32.2071 0.000133034 0 -1
1746 1884 31 305.256 6.02034e-05 0 -1
1229 2637 31 124.532 0.000129382 0 -1
1404 2531 31 336.647 0.000239702 0 -1
1546 1994 31 176.829 5.88175e-05 0 -1
1350 1914 31 75.1686 8.80721e-05 0 -1
1350 1916 31 72.5808 6.28021e-05 0 -1
1162 2997 31 45.7989 6.25692e-05 0 -1
2425 2996 31 163.626 6.80177e-05 0 -1
1240 2634 31 46.4267 8.79943e-05 0 -1
1845 3061 31 114.044 7.57698e-05 0 -1
1228 2633 31 141.226 0.000148302 0 -1
1294 2999 31 315.21 9.4853e-05 0 -1
2079 3037 31 84.9558 6.43337e-05 0 -1
1204 3292 31 73.9093 8.79283e-05 0 -1
1722 1938 31 273.164 9.00865e-05 0 -1
2169 2397 31 29.9771 0.000257595 0 -1
1290 2617 31 138.905 0.000160057 0 -1
1161 2624 31 134.983 0.00011542 0 -1
1418 3106 31 1.351 8.67363e-05 0 -1
2026 3005 31 69.6803 7.97916e-05 0 -1
1666 3063 31 1.67143 7.83418e-05 0 -1
1550 2516 31 328.021 0.000252886 0 -1
1702 2448 31 265.771 0.000118219 0 -1
2428 2994 31 151.013 5.87274e-05 0 -1
1588 1957 31 264.453 7.0481e-05 0 -1
1637 3033 31 339.023 6.41103e-05 0 -1
1772 3042 31 60.5098 6.62587e-05 0 -1
1703 2450 31 294.368 0.000208811 0 -1
2066 3055 31 65.8241 6.54423e-05 0 -1
1997 1403 31 109.249 6.26505e-05 0 -1
1390 2914 31 80.6011 0.000130791 0 -1
1616 3400 31 279.224 9.79796e-05 0 -1
1639 2465 31 316.93 6.70351e-05 0 -1
1417 2972 31 26.8703 7.64729e-05 0 -1
1630 2040 31 166.964 8.58844e-05 0 -1
1728 3351 31 280.104 7.91304e-05 0 -1
1897 2468 31 47.4153 0.000103387 0 -1
1622 2471 31 212.072 0.000301777 0 -1
1596 2544 31 118.61 0.000270219 0 -1
1398 3336 31 339.551 6.68555e-05 0 -1
1484 2541 31 53.1448 0.000124993 0 -1
634 4043 31 9.09019 5.86344e-05 0 -1
1817 3298 31 214.019 5.74931e-05 0 -1
2076 3124 31 235.967 0.000115931 0 -1
1859 3273 31 258.255 9.71453e-05 0 -1
1550 2946 31 300.436 8.76787e-05 0 -1
1580 2484 31 193.573 0.000113936 0 -1
1236 2606 31 19.8657 0.000146582 0 -1
2968 3292 31 136.715 6.11394e-05 0 -1
1404 3455 31 238.147 5.68462e-05 0 -1
1276 3002 31 323.595 9.52767e-05 0 -1
1424 2528 31 50.3497 7.40511e-05 0 -1
1238 2602 31 7.33455 0.000187121 0 -1
1142 2622 31 228.323 0.000160508 0 -1
1676 2990 31 103.996 6.06461e-05 0 -1
1532 2494 31 212.257 0.000240247 0 -1
1545 2494 31 327.834 0.000107838 0 -1
1679 3034 31 327.03 6.84401e-05 0 -1
2568 2944 31 268.892 8.83309e-05 0 -1
1360 2600 31 139.636 0.000228483 0 -1
1362 2539 31 315.907 0.000166005 0 -1
1666 2017 31 36.1413 5.99734e-05 0 -1
1335 2987 31 1.82081 7.72078e-05 0 -1
1142 2655 31 12.3027 0.000106118 0 -1
1204 3290 31 72.7373 8.5472e-05 0 -1
1515 2933 31 333.9 6.85306e-05 0 -1
1756 1976 31 96.7834 6.08339e-05 0 -1
2806 2780 31 161.478 8.53993e-05 0 -1
1394 2596 31 142.141 7.27385e-05 0 -1
1409 2057 31 210.69 6.55218e-05 0 -1
1186 3024 31 272.096 7.05021e-05 0 -1
1859 3006 31 118.637 5.72338e-05 0 -1
1545 2906 31 105.413 7.74042e-05 0 -1
1363 2536 31 312.667 0.000101782 0 -1
1331 2944 31 262.878 5.9032e-05 0 -1
1143 2660 31 26.56 9.03205e-05 0 -1
2038 1375 31 58.4121 5.68665e-05 0 -1
1155 2593 31 312.254 0.000142617 0 -1
1136 2593 31 206.577 0.000178881 0 -1
1981 2979 31 298.713 6.08965e-05 0 -1
1793 3111 31 86.2363 5.73319e-05 0 -1
2040 1374 31 76.8096 9.93519e-05 0 -1
1439 2590 31 53.6834 0.000159703 0 -1
2020 2973 31 223.31 6.25589e-05 0 -1
1263 3384 31 77.4825 6.83735e-05 0 -1
1445 2516 31 196.433 8.7028e-05 0 -1
1155 2589 31 304.083 0.00025133 0 -1
1439 2588 31 46.6054 0.000125077 0 -1
1389 2532 31 196.801 0.000112112 0 -1
1296 2584 31 335.549 9.09676e-05 0 -1
1259 3151 31 6.4802 6.32041e-05 0 -1
1527 2917 31 119.106 0.000135495 0 -1
1159 2587 31 313.786 8.53394e-05 0 -1
2040 2989 31 11.9508 7.99131e-05 0 -1
1435 2589 31 67.8323 9.3769e-05 0 -1
1671 2002 31 325.406 6.42404e-05 0 -1
1308 2586 31 147.6 0.000107734 0 -1
1417 2585 31 7.35264 0.000131111 0 -1
2085 3111 31 232.89 7.77737e-05 0 -1
1377 2976 31 61.7204 8.58694e-05 0 -1
2069 2974 31 343.956 5.76794e-05 0 -1
1549 2519 31 332.509 9.78897e-05 0 -1
1487 2516 31 50.2759 6.44928e-05 0 -1
1858 3204 31 84.24 6.54763e-05 0 -1
1299 2582 31 328.716 0.000156984 0 -1
1477 2973 31 288.574 5.69056e-05 0 -1
2061 3113 31 10.3286 6.86154e-05 0 -1
1367 3197 31 326.432 0.000102593 0 -1
1948 2904 31 204.618 6.34126e-05 0 -1
1750 3152 31 186.975 8.08697e-05 0 -1
1867 3188 31 349.72 8.73132e-05 0 -1
1461 2578 31 127.066 0.000173209 0 -1
1484 2503 31 297.178 0.000443411 0 -1
1993 1388 31 77.6866 6.17239e-05 0 -1
1330 3037 31 32.3454 5.94672e-05 0 -1
1519 2969 31 81.1408 7.1266e-05 0 -1
1592 2479 31 300.377 0.000392493 0 -1
1594 2541 31 137.829 0.000249843 0 -1
1521 2968 31 131.281 6.6139e-05 0 -1
1970 2933 31 346.959 5.75149e-05 0 -1
1364 3075 31 115.183 7.51227e-05 0 -1
1932 2296 31 86.196 5.71329e-05 0 -1
1936 2297 31 117.837 5.69256e-05 0 -1
1567 2900 31 355.13 9.39276e-05 0 -1
1620 2473 31 196.287 0.000245226 0 -1
1636 2470 31 318.295 0.000199805 0 -1
1707 2446 31 254.284 0.000121966 0 -1
1885 2870 31 262.164 8.77212e-05 0 -1
1546 2892 31 264.986 0.000121789 0 -1
1544 2892 31 272.608 0.000153472 0 -1
1895 2439 31 359.002 0.000284088 0 -1
1837 3175 31 180.983 5.90727e-05 0 -1
2178 2333 31 26.6657 0.000352991 0 -1
2285 2429 31 216.646 7.22605e-05 0 -1
2156 2339 31 324.954 0.000279962 0 -1
1945 2947 31 64.17 5.9234e-05 0 -1
1961 3092 31 66.006 8.36725e-05 0 -1
2048 1247 31 106.551 5.69742e-05 0 -1
1362 2926 31 108.525 6.60649e-05 0 -1
2057 3104 31 326.002 8.77204e-05 0 -1
1882 2404 31 287.432 0.000288223 0 -1
2162 2363 31 338.327 0.000245405 0 -1
1280 2557 31 215.507 0.000269715 0 -1
2163 2371 31 353.582 0.000144642 0 -1
1481 2510 31 58.209 5.66904e-05 0 -1
1995 2949 31 13.3868 6.99745e-05 0 -1
1985 2378 31 310.175 0.000256006 0 -1
1696 3319 31 296.637 5.01841e-05 0 -1
1503 3298 31 290.481 5.11141e-05 0 -1
1404 2925 31 187.767 5.42463e-05 0 -1
1557 3424 31 263.424 5.51198e-05 0 -1
1530 2036 31 346.284 5.41542e-05 0 -1
1515 3392 31 23.2631 5.42966e-05 0 -1
1548 2931 31 7.10852 5.37574e-05 0 -1
2049 2983 31 189.29 5.04374e-05 0 -1
1864 3214 31 134.731 5.62895e-05 0 -1
1584 3246 31 44.8282 5.47515e-05 0 -1
1896 2996 31 340.725 5.47724e-05 0 -1
1470 3287 31 310.68 5.5882e-05 0 -1
1909 3043 31 108.179 5.56969e-05 0 -1
1196 3172 31 298.056 5.30524e-05 0 -1
1998 1388 31 89.2312 5.0921e-05 0 -1
1801 1999 31 269.718 5.21675e-05 0 -1
2048 2944 31 286.498 5.25254e-05 0 -1
1437 3042 31 58.3001 5.63541e-05 0 -1
1210 2574 31 192.873 5.42497e-05 0 -1
2762 2937 31 90.1327 5.04705e-05 0 -1
1935 3017 31 96.313 5.48085e-05 0 -1
1562 2892 31 351.194 5.26491e-05 0 -1
2181 2338 31 46.5273 5.22123e-05 0 -1
1735 3032 31 41.1955 5.44087e-05 0 -1
1819 3300 31 216.061 5.40533e-05 0 -1
1907 2941 31 274.616 5.25508e-05 0 -1
1856 2356 31 73.9391 5.07269e-05 0 -1
1454 3097 31 15.9884 5.09297e-05 0 -1
1771 2963 31 117.271 5.19865e-05 0 -1
1557 2886 31 201.629 5.32232e-05 0 -1
1440 3316 31 241.515 5.2393e-05 0 -1
1273 3070 31 44.2184 5.64645e-05 0 -1
2032 3078 31 204.976 5.35651e-05 0 -1
1516 1978 31 60.6421 5.50113e-05 0 -1
2067 3019 31 141.043 5.20588e-05 0 -1
2014 1352 31 236.534 5.20792e-05 0 -1
1745 3155 31 206.507 5.16446e-05 0 -1
1354 3099 31 190.81 5.50422e-05 0 -1
2042 1389 31 102.424 5.56268e-05 0 -1
1439 3291 31 202.078 5.29231e-05 0 -1
1952 1275 31 75.8739 5.27826e-05 0 -1
1146 2658 31 13.3843 5.17735e-05 0 -1
1761 1905 31 319.718 5.30085e-05 0 -1
1915 1311 31 298.777 5.10192e-05 0 -1
2854 3376 31 241.325 5.02175e-05 0 -1
1989 3015 31 116.223 5.52404e-05 0 -1
1439 2976 31 128.028 5.36787e-05 0 -1
2018 1385 31 92.1458 5.2168e-05 0 -1
2214 2969 31 345.087 5.22483e-05 0 -1
847 3236 31 22.2742 5.4871e-05 0 -1
2216 2970 31 343.248 5.35478e-05 0 -1
2095 1399 31 257.808 5.56685e-05 0 -1
1858 3065 31 82.2665 5.59258e-05 0 -1
1426 2975 31 44.6535 5.34406e-05 0 -1
1548 2874 31 128.414 5.03039e-05 0 -1
1784 3052 31 122.767 5.66265e-05 0 -1
2043 1375 31 107.434 5.0478e-05 0 -1
1948 3020 31 103.831 5.07999e-05 0 -1
1333 2943 31 209.038 5.12175e-05 0 -1
1663 1952 31 288.587 5.21372e-05 0 -1
1317 3126 31 308.128 5.46277e-05 0 -1
1456 3288 31 256.119 5.46193e-05 0 -1
1412 3327 31 202.721 5.32026e-05 0 -1
1164 3175 31 238.282 5.27493e-05 0 -1
1326 2931 31 246.477 4.96953e-05 0 -1
1822 3062 31 292.98 5.01813e-05 0 -1
1437 2573 31 281.749 5.00947e-05 0 -1
1491 2969 31 174.105 5.00415e-05 0 -1
1329 3006 31 249.07 4.94058e-05 0 -1
1432.8 3452.4 37.2 302.662 9.09357e-05 1 -1
1596 2544 37.2 114.841 0.000374565 1 -1
1470 2544 37.2 349.907 0.000329788 1 -1
1484.4 2540.4 37.2 19.5131 0.000214604 1 -1
1350 2540.4 37.2 227.128 0.000231859 1 -1
1426.8 2545.2 37.2 307.894 0.000236065 1 -1
1616.4 2539.2 37.2 7.72292 9.4879e-05 1 -1
1358.4 2539.2 37.2 291.218 0.000463881 1 -1
1041.6 1532.4 37.2 119.933 0.000117149 1 -1
1489.2 2546.4 37.2 49.3582 0.000152694 1 -1
1424.4 2556 37.2 13.97 0.000172566 1 -1
1467.6 2538 37.2 335.321 0.000215426 1 -1
1608 2536.8 37.2 14.8531 0.000297286 1 -1
1359.6 2604 37.2 115.8 0.000190862 1 -1
1970.4 2448 37.2 109.588 0.000361971 1 -1
1362 2536.8 37.2 306.071 0.000206074 1 -1
2019.6 2973.6 37.2 250.087 0.000102486 1 -1
1558.8 2550 37.2 16.4121 0.00023504 1 -1
1566 2551.2 37.2 7.31506 9.86502e-05 1 -1
1672.8 2534.4 37.2 102.528 0.000115337 1 -1
1406.4 2552.4 37.2 336.159 0.000294875 1 -1
1924.8 2954.4 37.2 267.224 0.000130074 1 -1
1543.2 2553.6 37.2 136.973 0.000293723 1 -1
1635.6 2532 37.2 120.234 0.000342985 1 -1
1388.4 2532 37.2 201.625 0.000200378 1 -1
1141.2 2631.6 37.2 57.1805 0.000118295 1 -1
1858.8 3204 37.2 72.6244 0.000113129 1 -1
1723.2 1861.2 37.2 337.742 9.21838e-05 1 -1
1404 2530.8 37.2 321.265 0.000348143 1 -1
1845.6 3061.2 37.2 113.184 0.000134023 1 -1
1485.6 2529.6 37.2 304.995 0.000217112 1 -1
1290 2554.8 37.2 275.195 0.000348158 1 -1
1647.6 2528.4 37.2 41.5145 0.00028816 1 -1
1845.6 3058.8 37.2 118.454 0.000102103 1 -1
1543.2 3427.2 37.2 287.952 0.000159983 1 -1
2040 3074.4 37.2 286.549 0.000107033 1 -1
1363.2 3075.6 37.2 120.483 9.82984e-05 1 -1
1404 2528.4 37.2 308.552 0.000376084 1 -1
1676.4 2527.2 37.2 93.8682 0.000302213 1 -1
1552.8 2526 37.2 356.391 0.000369839 1 -1
1869.6 3056.4 37.2 25.0582 9.99559e-05 1 -1
1419.6 2526 37.2 31.7916 9.65506e-05 1 -1
1280.4 2557.2 37.2 219.866 0.000330712 1 -1
1292.4 2557.2 37.2 298.131 0.000315924 1 -1
1615.2 3402 37.2 273.331 0.000141727 1 -1
2065.2 3051.6 37.2 76.3624 9.83927e-05 1 -1
1808.4 3050.4 37.2 78.8428 0.000127548 1 -1
1426.8 2558.4 37.2 34.6427 0.000209608 1 -1
1429.2 2558.4 37.2 29.0208 0.000119105 1 -1
1905.6 3043.2 37.2 111.785 0.000127074 1 -1
1408.8 2559.6 37.2 357.25 0.000207208 1 -1
1538.4 2559.6 37.2 141.657 9.17736e-05 1 -1
1350 1914 37.2 70.6118 9.74906e-05 1 -1
1227.6 2571.6 37.2 273.491 0.000414208 1 -1
1477.2 2571.6 37.2 15.4456 0.000196012 1 -1
1910.4 3038.4 37.2 115.804 9.55546e-05 1 -1
1551.6 2516.4 37.2 332.663 0.000359792 1 -1
948 1756.8 37.2 296.502 0.000134448 1 -1
1449.6 2516.4 37.2 212.402 0.000326834 1 -1
1483.2 2572.8 37.2 8.51652 0.000138669 1 -1
1640.4 3087.6 37.2 42.0183 0.000100614 1 -1
1230 2574 37.2 282.586 0.000234151 1 -1
1965.6 3036 37.2 82.2549 0.000126813 1 -1
1722 1936.8 37.2 255.885 0.000131273 1 -1
1638 3032.4 37.2 336.76 9.32423e-05 1 -1
1708.8 1954.8 37.2 109.862 9.46006e-05 1 -1
1423.2 2515.2 37.2 298.64 0.000274213 1 -1
1960.8 3091.2 37.2 73.1572 0.000116383 1 -1
1587.6 1957.2 37.2 240.999 9.13678e-05 1 -1
1585.2 2514 37.2 161.421 0.000282076 1 -1
1464 2514 37.2 310.582 0.00032181 1 -1
1186.8 3025.2 37.2 270.162 0.00012704 1 -1
2053.2 3096 37.2 308.084 0.00013807 1 -1
1999.2 3013.2 37.2 75.7594 0.00013688 1 -1
2906.4 3362.4 37.2 319.052 0.000130864 1 -1
1460.4 2575.2 37.2 131.816 0.000298866 1 -1
1215.6 2576.4 37.2 204.881 0.000197512 1 -1
1584 2508 37.2 171.231 0.000407834 1 -1
1461.6 2577.6 37.2 121.223 0.000267435 1 -1
1318.8 2578.8 37.2 334.974 0.000246719 1 -1
1454.4 2581.2 37.2 116.401 9.15896e-05 1 -1
1567.2 3103.2 37.2 41.0024 0.000124125 1 -1
1585.2 2505.6 37.2 174.353 0.000269795 1 -1
1274.4 3001.2 37.2 347.669 9.1071e-05 1 -1
1293.6 2997.6 37.2 245.885 9.13637e-05 1 -1
1795.2 3109.2 37.2 98.703 0.000116129 1 -1
1794 3111.6 37.2 89.4832 0.000141182 1 -1
1728 3350.4 37.2 280.733 9.24147e-05 1 -1
1298.4 2582.4 37.2 321.461 0.000255891 1 -1
1744.8 2503.2 37.2 110.116 0.000543937 1 -1
2085.6 3111.6 37.2 241.392 0.000110299 1 -1
1484.4 2503.2 37.2 305.498 0.000460311 1 -1
1306.8 2586 37.2 8.30166 0.000216895 1 -1
2037.6 2989.2 37.2 22.6574 0.000126131 1 -1
1417.2 2586 37.2 23.8666 0.00017848 1 -1
1158 2587.2 37.2 307.589 0.000144292 1 -1
1154.4 2589.6 37.2 300.028 0.000333636 1 -1
1400.4 2589.6 37.2 135.473 0.000299199 1 -1
1485.6 2498.4 37.2 293.244 0.000183584 1 -1
1278 2989.2 37.2 13.3647 0.000185466 1 -1
1786.8 3115.2 37.2 37.4638 9.81218e-05 1 -1
2090.4 3115.2 37.2 235.332 0.000136709 1 -1
1335.6 2986.8 37.2 51.5438 0.000100429 1 -1
1398 3336 37.2 328.244 9.64174e-05 1 -1
1544.4 2490 37.2 307.125 0.000358445 1 -1
1550.4 2486.4 37.2 321.13 9.93514e-05 1 -1
1430.4 2985.6 37.2 351.585 9.75967e-05 1 -1
1438.8 2590.8 37.2 58.3108 0.000144901 1 -1
1156.8 2592 37.2 310.979 0.000240016 1 -1
1344 2983.2 37.2 192.379 9.23461e-05 1 -1
2050.8 3121.2 37.2 89.3438 0.0001276 1 -1
1579.2 2485.2 37.2 194.247 0.000143682 1 -1
1298.4 2592 37.2 13.9558 0.000160083 1 -1
1402.8 2592 37.2 118.887 0.000338906 1 -1
1594.8 2481.6 37.2 315.877 0.00037693 1 -1
1882.8 2979.6 37.2 284.101 0.000101983 1 -1
1581.6 2481.6 37.2 217.553 0.000402671 1 -1
2076 3123.6 37.2 235.892 0.000144833 1 -1
1136.4 2593.2 37.2 207.42 0.00024981 1 -1
1591.2 2479.2 37.2 292.063 0.000535765 1 -1
1981.2 2976 37.2 316.236 9.45942e-05 1 -1
1141.2 2593.2 37.2 220.297 0.000318546 1 -1
1618.8 2474.4 37.2 195.434 0.000172434 1 -1
1249.2 2595.6 37.2 326.85 0.000264182 1 -1
1629.6 2040 37.2 167.919 9.87749e-05 1 -1
1542 2970 37.2 244.218 9.1279e-05 1 -1
1376.4 2595.6 37.2 11.6123 0.000119429 1 -1
1623.6 2472 37.2 221.455 0.000377381 1 -1
1641.6 2967.6 37.2 344.857 9.69467e-05 1 -1
1137.6 2596.8 37.2 196.562 9.68796e-05 1 -1
1636.8 2470.8 37.2 316.224 0.000237415 1 -1
1520.4 2967.6 37.2 160.244 0.000101476 1 -1
1552.8 2965.2 37.2 253.474 9.28164e-05 1 -1
1233.6 2598 37.2 323.311 0.000308161 1 -1
1144.8 2599.2 37.2 204.049 0.00010237 1 -1
1668 2468.4 37.2 246.962 0.000108823 1 -1
1885.2 2467.2 37.2 130.426 0.000374444 1 -1
1569.6 2954.4 37.2 248.994 9.58437e-05 1 -1
2038.8 2950.8 37.2 250.398 0.000113495 1 -1
1335.6 2949.6 37.2 204.086 9.81839e-05 1 -1
1993.2 2948.4 37.2 5.00093 0.000114162 1 -1
1550.4 2946 37.2 305.64 0.000106081 1 -1
1747.2 3150 37.2 185.52 0.000104853 1 -1
1638 2466 37.2 312.783 0.000168049 1 -1
1749.6 3151.2 37.2 177.91 0.000100036 1 -1
1749.6 3153.6 37.2 166.069 0.000125641 1 -1
1747.2 3154.8 37.2 167.49 0.000135958 1 -1
1899.6 2463.6 37.2 18.7132 0.000134461 1 -1
1359.6 2599.2 37.2 133.953 0.000232315 1 -1
2760 2935.2 37.2 131.937 0.0001061 1 -1
1705.2 2462.4 37.2 67.2745 0.000123174 1 -1
1918.8 1449.6 37.2 303.569 0.000126966 1 -1
1945.2 2458.8 37.2 30.6004 0.00014171 1 -1
1238.4 2602.8 37.2 13.3824 0.000282436 1 -1
1236 2605.2 37.2 29.0853 0.000282626 1 -1
1357.2 2605.2 37.2 116.447 0.000135651 1 -1
1392 2931.6 37.2 310.02 0.00011787 1 -1
1346.4 2610 37.2 70.2968 0.000116776 1 -1
1165.2 3171.6 37.2 244.058 0.000110686 1 -1
1414.8 2922 37.2 303.202 0.000107724 1 -1
1416 2919.6 37.2 24.1425 0.000123767 1 -1
1684.8 2451.6 37.2 227.828 0.000170017 1 -1
1894.8 2918.4 37.2 43.9125 0.000125847 1 -1
1702.8 2450.4 37.2 312.484 0.000242541 1 -1
1687.2 2450.4 37.2 222.83 0.000192723 1 -1
1768.8 2448 37.2 134.967 0.000184309 1 -1
1728 2448 37.2 203.719 0.000293829 1 -1
1966.8 2446.8 37.2 131.318 0.000233401 1 -1
1894.8 2916 37.2 49.2529 0.000153802 1 -1
1527.6 2916 37.2 82.2185 9.31838e-05 1 -1
1290 2617.2 37.2 130.356 0.000229224 1 -1
1414.8 2905.2 37.2 77.4579 0.000122566 1 -1
1566 2901.6 37.2 348.846 0.000127404 1 -1
1743.6 2445.6 37.2 315.783 0.000264143 1 -1
1154.4 2619.6 37.2 129.849 0.000295571 1 -1
1706.4 2445.6 37.2 277.749 0.000176962 1 -1
1544.4 2892 37.2 283.887 0.000183724 1 -1
1203.6 3290.4 37.2 77.9847 0.000140436 1 -1
1690.8 2444.4 37.2 249.171 0.000137081 1 -1
1934.4 2298 37.2 114.211 0.000101595 1 -1
1701.6 2443.2 37.2 261.798 0.000140796 1 -1
1930.8 2304 37.2 17.8288 0.000125017 1 -1
1765.2 2442 37.2 76.8275 0.000298655 1 -1
1741.2 2442 37.2 292.224 0.000398278 1 -1
1186.8 3196.8 37.2 85.4091 0.000140109 1 -1
1893.6 2440.8 37.2 4.92579 0.000333005 1 -1
1141.2 2624.4 37.2 166.6 0.000188235 1 -1
1160.4 2625.6 37.2 133.788 0.000216037 1 -1
1892.4 2433.6 37.2 328.98 0.00045044 1 -1
1366.8 3196.8 37.2 330.805 0.000127728 1 -1
1764 2432.4 37.2 282.253 0.000278767 1 -1
1933.2 2305.2 37.2 208.685 0.00014273 1 -1
2178 2322 37.2 293.041 0.000111889 1 -1
1914 2427.6 37.2 335.847 0.000335682 1 -1
1767.6 2427.6 37.2 291.794 0.000231857 1 -1
1227.6 2632.8 37.2 137.045 0.000171343 1 -1
1140 2634 37.2 56.1307 0.000143077 1 -1
1238.4 2634 37.2 61.0087 0.000150827 1 -1
1228.8 2636.4 37.2 123.825 0.000287612 1 -1
1858.8 3273.6 37.2 250.655 0.000119768 1 -1
1963.2 3201.6 37.2 238.249 0.000109242 1 -1
1909.2 2416.8 37.2 129.549 9.62124e-05 1 -1
2176.8 2328 37.2 318.455 0.000393585 1 -1
1968 2409.6 37.2 316.596 0.000452589 1 -1
1869.6 2409.6 37.2 200.778 0.000240392 1 -1
1885.2 2407.2 37.2 308.321 0.000354052 1 -1
1872 2407.2 37.2 217.805 0.000495181 1 -1
2178 2332.8 37.2 15.8339 0.000398357 1 -1
2175.6 2335.2 37.2 47.6809 0.000132945 1 -1
2152.8 2336.4 37.2 285.991 0.000451947 1 -1
1171.2 2648.4 37.2 126.285 0.000175292 1 -1
2156.4 2337.6 37.2 310.043 0.000422674 1 -1
1881.6 2403.6 37.2 275.328 0.000317054 1 -1
2158.8 2401.2 37.2 108.799 0.00045074 1 -1
1171.2 2652 37.2 122.007 0.000166959 1 -1
2180.4 2337.6 37.2 36.5951 9.69029e-05 1 -1
2156.4 2398.8 37.2 124.892 0.000415476 1 -1
1544.4 3208.8 37.2 45.2134 9.50198e-05 1 -1
2168.4 2397.6 37.2 38.3701 0.000433296 1 -1
2170.8 2395.2 37.2 20.3083 0.000150359 1 -1
2140.8 2340 37.2 211.237 0.000497301 1 -1
1932 2392.8 37.2 201.135 0.000253721 1 -1
2154 2341.2 37.2 308.708 0.000123846 1 -1
1947.6 2391.6 37.2 294.85 0.000216628 1 -1
2181.6 2354.4 37.2 289.033 0.000228971 1 -1
1945.2 2389.2 37.2 284.826 0.00030266 1 -1
1141.2 2656.8 37.2 27.4259 0.000178518 1 -1
1977.6 2379.6 37.2 249.056 0.000233012 1 -1
1984.8 2378.4 37.2 307.526 0.000297068 1 -1
1130.4 2659.2 37.2 137.923 0.000162576 1 -1
2162.4 2362.8 37.2 336.853 0.000375621 1 -1
2040 1374 37.2 83.4625 9.59604e-05 1 -1
2178 2365.2 37.2 28.4971 9.99673e-05 1 -1
2164.8 2370 37.2 351.934 0.000417374 1 -1
2185.2 2370 37.2 54.518 0.000283032 1 -1
1802.4 3237.6 37.2 95.6577 0.000109512 1 -1
1680 3033.6 37.2 312.072 8.39713e-05 1 -1
1330.8 2944.8 37.2 275.25 8.52715e-05 1 -1
763.2 1474.8 37.2 347.907 8.86056e-05 1 -1
1424.4 2528.4 37.2 36.1017 8.76539e-05 1 -1
1975.2 1435.2 37.2 238.06 8.65095e-05 1 -1
1376.4 2976 37.2 69.3734 8.52059e-05 1 -1
1164 3175.2 37.2 212.154 8.6668e-05 1 -1
1468.8 2982 37.2 344.058 8.51702e-05 1 -1
1990.8 2376 37.2 328.621 8.77752e-05 1 -1
1880.4 2982 37.2 272.143 9.07133e-05 1 -1
2017.2 1422 37.2 257.396 8.65575e-05 1 -1
1486.8 2515.2 37.2 34.4581 8.58736e-05 1 -1
1544.4 2906.4 37.2 65.537 8.96496e-05 1 -1
1336.8 3294 37.2 96.9864 8.47676e-05 1 -1
1440 3290.4 37.2 209.635 8.42652e-05 1 -1
1917.6 2991.6 37.2 161.58 8.68213e-05 1 -1
1557.6 2884.8 37.2 180.417 8.89296e-05 1 -1
2422.8 2997.6 37.2 241.916 8.85995e-05 1 -1
1908 3043.2 37.2 113.91 8.97482e-05 1 -1
2002.8 3006 37.2 63.0223 9.02826e-05 1 -1
2078.4 3037.2 37.2 61.2624 8.92082e-05 1 -1
2042.4 1389.6 37.2 72.5068 8.61151e-05 1 -1
1700.4 1959.6 37.2 58.3499 8.82022e-05 1 -1
1587.6 2547.6 37.2 139.182 8.73809e-05 1 -1
1222.8 2640 37.2 138.89 8.514e-05 1 -1
1905.6 3021.6 37.2 306.876 8.97676e-05 1 -1
1214.4 3207.6 37.2 99.0297 8.71381e-05 1 -1
1195.2 2646 37.2 3.34972 8.67158e-05 1 -1
1640.4 2464.8 37.2 318.045 7.98709e-05 1 -1
1941.6 3021.6 37.2 77.267 7.98986e-05 1 -1
1693.2 2466 37.2 71.5792 8.19662e-05 1 -1
1975.2 1544.4 37.2 93.7346 8.31601e-05 1 -1
2755.2 2935.2 37.2 161.781 8.31585e-05 1 -1
1986 2932.8 37.2 326.004 8.12975e-05 1 -1
1408.8 2056.8 37.2 214.881 8.1044e-05 1 -1
1581.6 2967.6 37.2 60.0309 8.19133e-05 1 -1
1746 1884 37.2 297.806 8.25774e-05 1 -1
1125.6 2665.2 37.2 141.159 8.3755e-05 1 -1
1416 2972.4 37.2 25.066 8.35853e-05 1 -1
1029.6 2575.2 37.2 12.0377 8.02112e-05 1 -1
1327.2 3032.4 37.2 73.427 8.39077e-05 1 -1
2097.6 1372.8 37.2 61.3476 8.27863e-05 1 -1
1875.6 2977.2 37.2 254.398 8.0754e-05 1 -1
1573.2 2481.6 37.2 193.229 8.23041e-05 1 -1
1837.2 3175.2 37.2 184.999 8.08032e-05 1 -1
1431.6 2988 37.2 12.6686 8.2264e-05 1 -1
1665.6 3080.4 37.2 43.4249 8.10023e-05 1 -1
1438.8 2570.4 37.2 296.857 8.01655e-05 1 -1
2113.2 1394.4 37.2 234.309 8.17648e-05 1 -1
1286.4 2623.2 37.2 132.456 8.00505e-05 1 -1
1761.6 1978.8 37.2 155.344 6.98371e-05 1 -1
1904.4 2406 37.2 205.281 7.84243e-05 1 -1
2284.8 2428.8 37.2 222.519 7.56869e-05 1 -1
1924.8 2392.8 37.2 232.181 7.42151e-05 1 -1
1152 3010.8 37.2 296.83 7.14555e-05 1 -1
1329.6 3002.4 37.2 241.75 7.29965e-05 1 -1
1634.4 1990.8 37.2 311.531 7.05577e-05 1 -1
2095.2 1399.2 37.2 249.693 7.97388e-05 1 -1
1171.2 3002.4 37.2 273.982 7.67774e-05 1 -1
1666.8 2460 37.2 251.736 7.01722e-05 1 -1
1996.8 1401.6 37.2 70.3911 7.67264e-05 1 -1
1906.8 2940 37.2 296.583 7.21168e-05 1 -1
2056.8 3104.4 37.2 328.784 7.55657e-05 1 -1
1576.8 3151.2 37.2 108.908 7.75408e-05 1 -1
1258.8 3151.2 37.2 5.49499 7.10522e-05 1 -1
1473.6 2946 37.2 80.7038 7.2439e-05 1 -1
2150.4 2406 37.2 136.2 7.18814e-05 1 -1
1521.6 2870.4 37.2 340.791 7.8368e-05 1 -1
1671.6 2001.6 37.2 344.314 7.56132e-05 1 -1
2674.8 2949.6 37.2 275.36 7.25019e-05 1 -1
1762.8 3238.8 37.2 263.798 7.6545e-05 1 -1
1330.8 2995.2 37.2 294.034 7.59878e-05 1 -1
1543.2 2876.4 37.2 90.9362 7.46161e-05 1 -1
2032.8 3078 37.2 218.682 7.36018e-05 1 -1
1570.8 2952 37.2 224.644 7.45403e-05 1 -1
2952 3252 37.2 32.4875 7.9473e-05 1 -1
1923.6 1410 37.2 82.8842 7.64358e-05 1 -1
1785.6 2991.6 37.2 156.764 7.45661e-05 1 -1
1202.4 2991.6 37.2 139.503 7.28682e-05 1 -1
1434 2954.4 37.2 331.329 7.3033e-05 1 -1
1927.2 2955.6 37.2 263.354 7.33652e-05 1 -1
1562.4 2890.8 37.2 0.234408 7.30732e-05 1 -1
1381.2 2599.2 37.2 18.3593 7.53155e-05 1 -1
2061.6 3112.8 37.2 1.96738 7.97077e-05 1 -1
1951.2 1274.4 37.2 67.3974 7.06682e-05 1 -1
1663.2 1952.4 37.2 279.192 6.99768e-05 1 -1
1737.6 3021.6 37.2 258.829 7.65582e-05 1 -1
2043.6 1416 37.2 262.081 7.01718e-05 1 -1
1335.6 2934 37.2 187.078 7.20147e-05 1 -1
2042.4 3025.2 37.2 226.418 7.43302e-05 1 -1
1455.6 3288 37.2 258.836 7.72098e-05 1 -1
1993.2 1388.4 37.2 90.5077 7.68639e-05 1 -1
1346.4 2983.2 37.2 180.915 7.46601e-05 1 -1
2086.8 3027.6 37.2 358.115 7.29468e-05 1 -1
1514.4 2912.4 37.2 90.9801 6.99492e-05 1 -1
2100 3066 37.2 318.038 7.29197e-05 1 -1
2042.4 1375.2 37.2 98.4627 7.68903e-05 1 -1
1953.6 3176.4 37.2 265.563 7.75111e-05 1 -1
1534.8 3135.6 37.2 104.678 7.77107e-05 1 -1
2098.8 1286.4 37.2 89.2678 7.17869e-05 1 -1
1996.8 1388.4 37.2 68.7985 7.53883e-05 1 -1
1394.4 3324 37.2 302.78 7.21476e-05 1 -1
1962 2452.8 37.2 134.897 7.06717e-05 1 -1
1665.6 3062.4 37.2 24.6545 7.37755e-05 1 -1
1549.2 2930.4 37.2 30.2036 7.46617e-05 1 -1
1480.8 2510.4 37.2 27.6849 7.71713e-05 1 -1
1440 3315.6 37.2 237.419 7.8172e-05 1 -1
1590 3094.8 37.2 111.37 7.32444e-05 1 -1
2070 2974.8 37.2 339.309 7.6091e-05 1 -1
1879.2 2473.2 37.2 141.758 7.80607e-05 1 -1
2006.4 1354.8 37.2 270.864 6.85218e-05 1 -1
1938 2305.2 37.2 187.601 6.85974e-05 1 -1
1282.8 2941.2 37.2 249.089 6.93648e-05 1 -1
2038.8 1378.8 37.2 79.5133 6.91749e-05 1 -1
1947.6 3181.2 37.2 207.222 6.93948e-05 1 -1
1693.2 1938 37.2 222.596 6.93953e-05 1 -1
2002.8 3087.6 37.2 281.012 6.95909e-05 1 -1
1066.8 2740.8 37.2 312.653 6.89248e-05 1 -1
1453.2 3097.2 37.2 28.5177 6.85579e-05 1 -1
1700.4 3068.4 37.2 73.1202 6.81599e-05 1 -1
1647.6 3087.6 37.2 50.3023 6.8403e-05 1 -1
2018.4 1384.8 37.2 93.5136 6.84219e-05 1 -1
1411.2 3326.4 37.2 212.93 6.83969e-05 1 -1
1868.4 3331.2 37.2 110.503 6.79615e-05 1 -1
1818 3300 37.2 219.646 6.7821e-05 1 -1
1440 3313.2 37.2 231.317 6.76018e-05 1 -1
1440 3313.44 44.64 227.897 0.000117463 2 -1
1668.96 2468.16 44.64 234.518 0.000186342 2 -1
947.52 1756.8 44.64 297.765 0.000174681 2 -1
1624.32 2471.04 44.64 232.48 0.000456381 2 -1
1637.28 2471.04 44.64 310.177 0.000271862 2 -1
1415.52 2907.36 44.64 80.4413 0.000196459 2 -1
1906.56 3022.56 44.64 310.285 0.000124159 2 -1
1391.04 2916 44.64 55.7716 0.000215901 2 -1
1618.56 2473.92 44.64 204.522 0.000261457 2 -1
1598.4 2475.36 44.64 308.769 0.000167522 2 -1
1884.96 2466.72 44.64 125.379 0.000403293 2 -1
1592.64 2478.24 44.64 292.788 0.000531518 2 -1
1895.04 2916 44.64 46.648 0.000188277 2 -1
1415.52 2904.48 44.64 81.8158 0.00015682 2 -1
1582.56 2481.12 44.64 227.246 0.000446468 2 -1
1749.6 3152.16 44.64 156.526 0.000190316 2 -1
1595.52 2481.12 44.64 309.488 0.000438915 2 -1
1579.68 2484 44.64 205.691 0.00033041 2 -1
1526.4 2917.44 44.64 47.3172 0.00014175 2 -1
1336.32 2986.56 44.64 112.028 0.000125902 2 -1
1164.96 3170.88 44.64 221.788 0.000161445 2 -1
1549.44 2486.88 44.64 315.389 0.000171081 2 -1
1546.56 2488.32 44.64 308.087 0.000300527 2 -1
1429.92 2985.12 44.64 331.998 0.000119839 2 -1
1415.52 2918.88 44.64 89.1435 0.000140865 2 -1
1543.68 2489.76 44.64 298.122 0.000398999 2 -1
1164.96 3173.76 44.64 193.111 0.00016279 2 -1
1638.72 2465.28 44.64 307.449 0.000173566 2 -1
1402.56 2921.76 44.64 66.4073 0.000174257 2 -1
1415.52 2921.76 44.64 82.2285 0.000161205 2 -1
1543.68 2891.52 44.64 304.438 0.000197868 2 -1
2040.48 3075.84 44.64 276.436 0.000140757 2 -1
1533.6 2494.08 44.64 229.909 0.000469911 2 -1
1545.12 2494.08 44.64 309.982 0.000327886 2 -1
1484.64 2498.4 44.64 293.752 0.000265969 2 -1
2083.68 3119.04 44.64 241.884 0.000164717 2 -1
1484.64 2501.28 44.64 302.934 0.000440199 2 -1
1745.28 2502.72 44.64 102.981 0.000647576 2 -1
1483.2 2504.16 44.64 310.253 0.000748228 2 -1
1585.44 2505.6 44.64 173.891 0.00030162 2 -1
1746.72 3150.72 44.64 172.122 0.000140599 2 -1
1668.96 2463.84 44.64 242.423 0.000269783 2 -1
1585.44 2514.24 44.64 160.227 0.00041735 2 -1
1543.68 3427.2 44.64 288.699 0.000166694 2 -1
1192.32 2982.24 44.64 143.507 0.000118212 2 -1
1422.72 2515.68 44.64 302.934 0.000339278 2 -1
1450.08 2515.68 44.64 218.748 0.000391488 2 -1
1550.88 2517.12 44.64 332.269 0.000501803 2 -1
1419.84 2525.76 44.64 352.353 0.000130593 2 -1
1552.32 2525.76 44.64 352.26 0.000425856 2 -1
1722.24 1936.8 44.64 240.759 0.000135761 2 -1
1363.68 3075.84 44.64 127.63 0.000132067 2 -1
1647.36 2527.2 44.64 47.6558 0.000393494 2 -1
1676.16 2527.2 44.64 101.473 0.000374402 2 -1
2090.88 3114.72 44.64 240.901 0.000162956 2 -1
2037.6 2988 44.64 45.6821 0.000150782 2 -1
1404 2530.08 44.64 297.817 0.000418038 2 -1
1486.08 2530.08 44.64 340.969 0.000311845 2 -1
1186.56 3193.92 44.64 89.3361 0.000201371 2 -1
1392.48 2931.84 44.64 317.368 0.000142907 2 -1
1615.68 3401.28 44.64 271.432 0.000167884 2 -1
2177.28 2328.48 44.64 329.255 0.000528742 2 -1
1635.84 2531.52 44.64 112.473 0.000375918 2 -1
1366.56 3196.8 44.64 334.745 0.000154322 2 -1
1481.76 2532.96 44.64 341.384 0.000152383 2 -1
1569.6 3104.64 44.64 55.3641 0.000160249 2 -1
1467.36 2537.28 44.64 327.029 0.000301341 2 -1
1334.88 2934.72 44.64 210.034 0.000123703 2 -1
1857.6 3204 44.64 63.6256 0.000153372 2 -1
1486.08 2537.28 44.64 356.952 0.000763766 2 -1
1608.48 2537.28 44.64 24.7317 0.000402966 2 -1
1357.92 2538.72 44.64 282.323 0.000550592 2 -1
2052 3121.92 44.64 113.077 0.000133886 2 -1
1932.48 2302.56 44.64 130.356 0.000118308 2 -1
1592.64 2540.16 44.64 130.577 0.000317603 2 -1
1350.72 2541.6 44.64 231.386 0.000327637 2 -1
1484.64 2541.6 44.64 3.62599 0.000266592 2 -1
1262.88 3382.56 44.64 73.0354 0.000125803 2 -1
2875.68 3000.96 44.64 215.934 0.000153051 2 -1
1287.36 2939.04 44.64 251.904 0.000130774 2 -1
1981.44 2975.04 44.64 317.215 0.000124625 2 -1
1425.6 2545.92 44.64 331.062 0.000377426 2 -1
2155.68 2338.56 44.64 294.96 0.00053142 2 -1
2141.28 2340 44.64 216.232 0.000568256 2 -1
1470.24 2545.92 44.64 355.028 0.000357251 2 -1
1488.96 2545.92 44.64 30.1415 0.000129577 2 -1
2059.2 3103.2 44.64 329.582 0.000129551 2 -1
1559.52 2548.8 44.64 18.465 0.000264283 2 -1
1406.88 2551.68 44.64 326.068 0.00038997 2 -1
2154.24 2341.44 44.64 294.316 0.00017218 2 -1
1330.56 2941.92 44.64 253.129 0.000144225 2 -1
2076.48 3123.36 44.64 239.689 0.000172467 2 -1
1543.68 2553.12 44.64 129.439 0.000386358 2 -1
1555.2 2553.12 44.64 51.4238 0.000435635 2 -1
2181.6 2354.4 44.64 309.517 0.000288739 2 -1
2953.44 3250.08 44.64 75.023 0.000134733 2 -1
1707.84 2458.08 44.64 51.0662 0.000281542 2 -1
1275.84 3000.96 44.64 351.658 0.000129235 2 -1
1965.6 3035.52 44.64 82.8556 0.000148352 2 -1
1280.16 2557.44 44.64 219.84 0.0004201 2 -1
2162.88 2361.6 44.64 330.353 0.000439449 2 -1
1293.12 2557.44 44.64 275.133 0.000394366 2 -1
1428.48 2557.44 44.64 0.92974 0.000161786 2 -1
1416.96 2972.16 44.64 24.5418 0.000126173 2 -1
1409.76 2560.32 44.64 2.91874 0.000325756 2 -1
1899.36 2996.64 44.64 2.55831 0.000147797 2 -1
1586.88 1958.4 44.64 228.929 0.000135482 2 -1
1686.24 2449.44 44.64 221.496 0.000188015 2 -1
2077.92 3036.96 44.64 31.8826 0.000123256 2 -1
1474.56 2947.68 44.64 77.9329 0.000141058 2 -1
2164.32 2370.24 44.64 352.707 0.000374999 2 -1
1971.36 2448 44.64 100.014 0.000415971 2 -1
1477.44 2570.4 44.64 18.5676 0.000252567 2 -1
1225.44 2571.84 44.64 249.357 0.000557623 2 -1
1726.56 2448 44.64 213.732 0.000446453 2 -1
2185.92 2370.24 44.64 46.1143 0.000221629 2 -1
1859.04 3273.12 44.64 246.622 0.000133045 2 -1
2026.08 3005.28 44.64 69.6817 0.000121913 2 -1
1978.56 2378.88 44.64 263.11 0.000239261 2 -1
1967.04 2445.12 44.64 125.148 0.00023358 2 -1
1984.32 2378.88 44.64 304.287 0.000427103 2 -1
1229.76 2573.28 44.64 252.899 0.000371229 2 -1
1031.04 2574.72 44.64 13.2276 0.000119634 2 -1
2003.04 3008.16 44.64 75.5532 0.000166244 2 -1
1743.84 2445.12 44.64 303.531 0.000370238 2 -1
1435.68 2952 44.64 290.584 0.000150055 2 -1
1460.16 2574.72 44.64 122.283 0.00036763 2 -1
1945.44 2388.96 44.64 277.051 0.000308831 2 -1
1912.32 3039.84 44.64 103.384 0.000140079 2 -1
1706.4 2445.12 44.64 288.116 0.000219244 2 -1
1215.36 2577.6 44.64 205.152 0.000181201 2 -1
1461.6 2577.6 44.64 115.042 0.000335237 2 -1
1932.48 2391.84 44.64 220.658 0.000257976 2 -1
1319.04 2579.04 44.64 355.676 0.000283169 2 -1
1690.56 2445.12 44.64 239.62 0.000152595 2 -1
1298.88 2581.92 44.64 301.613 0.000353414 2 -1
2168.64 2396.16 44.64 38.9113 0.000500033 2 -1
1041.12 1532.16 44.64 118.967 0.000168406 2 -1
2155.68 2399.04 44.64 120.953 0.000491763 2 -1
2113.92 1369.44 44.64 117.804 0.000118552 2 -1
1203.84 3290.4 44.64 74.3871 0.000157318 2 -1
2160 2400.48 44.64 98.6795 0.000586452 2 -1
1765.44 2442.24 44.64 164.778 0.000378891 2 -1
1418.4 2584.8 44.64 35.967 0.00021444 2 -1
1307.52 2586.24 44.64 359.198 0.000245801 2 -1
1154.88 2589.12 44.64 296.106 0.000375586 2 -1
1401.12 2589.12 44.64 125.579 0.000375865 2 -1
1336.32 3293.28 44.64 93.6417 0.000194255 2 -1
1740.96 2442.24 44.64 282.94 0.000514352 2 -1
1866.24 2406.24 44.64 206.996 0.000146594 2 -1
1961.28 3090.24 44.64 158.795 0.000125951 2 -1
2927.52 3340.8 44.64 355.037 0.000161359 2 -1
1438.56 2589.12 44.64 60.3105 0.000210906 2 -1
1141.92 2592 44.64 230.551 0.000297469 2 -1
763.2 1474.56 44.64 351.902 0.000118358 2 -1
1884.96 2406.24 44.64 280.935 0.000486745 2 -1
1298.88 2592 44.64 59.2609 0.000240857 2 -1
1141.92 2655.36 44.64 29.7203 0.000153258 2 -1
1908 3042.72 44.64 111.15 0.00011955 2 -1
1402.56 2592 44.64 115.132 0.000398551 2 -1
1919.52 1448.64 44.64 298.516 0.000171409 2 -1
1136.16 2593.44 44.64 207.98 0.000245432 2 -1
1170.72 2652.48 44.64 117.842 0.000173503 2 -1
1173.6 2651.04 44.64 107.361 0.000297488 2 -1
1156.32 2593.44 44.64 305.245 0.00020385 2 -1
1995.84 1388.16 44.64 71.9124 0.000118872 2 -1
1172.16 2646.72 44.64 114.906 0.000194827 2 -1
2053.44 3096 44.64 305.37 0.000154973 2 -1
1249.92 2594.88 44.64 346.114 0.00033439 2 -1
1398.24 3335.04 44.64 310.858 0.00014779 2 -1
1893.6 2440.8 44.64 26.1267 0.000402549 2 -1
1376.64 2594.88 44.64 18.7169 0.000166777 2 -1
1794.24 3111.84 44.64 90.0201 0.000192195 2 -1
1234.08 2596.32 44.64 230.826 0.000454304 2 -1
1892.16 2432.16 44.64 306.9 0.000465909 2 -1
1764 2430.72 44.64 283.589 0.000434667 2 -1
1808.64 3049.92 44.64 77.1867 0.000144206 2 -1
1370.88 2597.76 44.64 50.3303 0.000372395 2 -1
1359.36 2599.2 44.64 119.121 0.000341679 2 -1
2096.64 1396.8 44.64 254.809 0.0001335 2 -1
1846.08 3060 44.64 111.278 0.000130811 2 -1
1925.28 3049.92 44.64 62.1099 0.000165577 2 -1
2017.44 1421.28 44.64 240.286 0.000126758 2 -1
1238.4 2633.76 44.64 73.7103 0.000213883 2 -1
1140.48 2633.76 44.64 96.1886 0.00018006 2 -1
1226.88 2632.32 44.64 134.274 0.000230164 2 -1
1913.76 2427.84 44.64 351.836 0.000420209 2 -1
1967.04 2407.68 44.64 314.484 0.00063322 2 -1
1236.96 2603.52 44.64 47.6083 0.000394143 2 -1
1160.64 2625.12 44.64 121.508 0.000281079 2 -1
1995.84 1404 44.64 77.8196 0.00016428 2 -1
1356.48 2604.96 44.64 110.478 0.000166353 2 -1
1998.72 3013.92 44.64 83.043 0.000163479 2 -1
1141.92 2622.24 44.64 153.324 0.000234484 2 -1
1643.04 2966.4 44.64 10.9746 0.000118508 2 -1
1709.28 1954.08 44.64 124.462 0.000124929 2 -1
1346.4 2609.28 44.64 86.8379 0.000123281 2 -1
1154.88 2619.36 44.64 102.736 0.000367569 2 -1
1766.88 2427.84 44.64 283.569 0.000318328 2 -1
2064.96 3051.36 44.64 98.7832 0.000145945 2 -1
2041.92 1414.08 44.64 263.575 0.000158385 2 -1
1300.32 2615.04 44.64 52.5888 0.000356045 2 -1
1290.24 2616.48 44.64 119.928 0.000291048 2 -1
1258.56 3152.16 44.64 6.37597 9.61616e-05 2 -1
1424.16 2528.64 44.64 0.493594 0.000111777 2 -1
2682.72 3411.36 44.64 262.812 0.000114356 2 -1
2034.72 3078.72 44.64 234.222 0.000110148 2 -1
1704.96 2462.4 44.64 65.4761 9.80214e-05 2 -1
1756.8 1941.12 44.64 323.352 0.000109995 2 -1
2099.52 1287.36 44.64 93.4256 9.99375e-05 2 -1
2062.08 3113.28 44.64 354.199 9.93698e-05 2 -1
1869.12 3055.68 44.64 33.1683 0.000103432 2 -1
1942.56 3021.12 44.64 82.2611 0.000100512 2 -1
1411.2 3326.4 44.64 222.665 0.000108552 2 -1
1909.44 2416.32 44.64 283.45 0.000116286 2 -1
1520.64 2908.8 44.64 98.9178 0.000103796 2 -1
1987.2 2933.28 44.64 335.033 0.000111426 2 -1
2018.88 2959.2 44.64 242.953 0.000108393 2 -1
1427.04 3016.8 44.64 296.038 0.00011462 2 -1
1673.28 2532.96 44.64 102.639 0.000100297 2 -1
2976.48 3313.44 44.64 148.129 0.000110811 2 -1
1680.48 3032.64 44.64 305.047 0.000105743 2 -1
1389.6 2534.4 44.64 201.936 0.000109675 2 -1
1964.16 3201.12 44.64 236.688 0.000107662 2 -1
2760.48 2934.72 44.64 138.095 0.000102325 2 -1
1945.44 2459.52 44.64 40.8311 0.000113526 2 -1
1638.72 3031.2 44.64 326.766 0.000115714 2 -1
1635.84 2525.76 44.64 118.531 0.000107697 2 -1
1802.88 3237.12 44.64 97.7325 0.000112415 2 -1
1402.56 2924.64 44.64 226.401 0.000104254 2 -1
1787.04 1991.52 44.64 335.281 0.00010975 2 -1
1630.08 2040.48 44.64 176.401 0.000114956 2 -1
2113.92 1393.92 44.64 229.902 0.000112339 2 -1
1327.68 3031.2 44.64 117.73 0.000101451 2 -1
1545.12 1994.4 44.64 178.24 9.95509e-05 2 -1
1974.24 1392.48 44.64 71.6353 0.000110168 2 -1
1344.96 2983.68 44.64 142.036 0.000109354 2 -1
2020.32 2972.16 44.64 269.551 0.000109704 2 -1
1202.4 2992.32 44.64 152.059 0.000101621 2 -1
1409.76 2056.32 44.64 227.042 9.8664e-05 2 -1
1736.64 3022.56 44.64 352.093 0.000115111 2 -1
1291.68 2998.08 44.64 338.717 9.7155e-05 2 -1
1681.92 3028.32 44.64 291.641 0.000113375 2 -1
2030.4 2957.76 44.64 228.214 9.90323e-05 2 -1
1558.08 2884.32 44.64 359.292 0.000116163 2 -1
1539.36 2558.88 44.64 135.877 0.000108036 2 -1
1951.2 1274.4 44.64 62.4451 9.75235e-05 2 -1
2017.44 1385.28 44.64 86.0949 0.000116805 2 -1
1899.36 1385.28 44.64 286.667 0.000108398 2 -1
1785.6 2990.88 44.64 156.86 9.8287e-05 2 -1
1503.36 2983.68 44.64 271.584 9.76935e-05 2 -1
1550.88 2947.68 44.64 307.165 0.000114015 2 -1
1336.32 2949.12 44.64 194.226 9.7513e-05 2 -1
1432.8 3451.68 44.64 301.828 0.000116211 2 -1
1769.76 2448 44.64 161.541 0.000113914 2 -1
2011.68 1488.96 44.64 88.7599 0.000106631 2 -1
1144.8 2658.24 44.64 29.2052 0.00010971 2 -1
1791.36 2949.12 44.64 318.207 0.000106759 2 -1
2039.04 1378.08 44.64 90.169 0.000100468 2 -1
1994.4 2949.12 44.64 358.386 0.000108477 2 -1
1274.4 2950.56 44.64 273.322 0.000105495 2 -1
1565.28 2901.6 44.64 353.89 0.000108736 2 -1
2096.64 1373.76 44.64 68.9234 0.000110285 2 -1
2040.48 1373.76 44.64 89.6582 0.000109922 2 -1
1440 3290.4 44.64 208.393 0.000109929 2 -1
1837.44 3175.2 44.64 193.072 0.000116097 2 -1
1982.88 2920.32 44.64 344.081 0.000106723 2 -1
2908.8 3362.4 44.64 305.943 0.000102319 2 -1
1543.68 2969.28 44.64 218.156 0.000113269 2 -1
1926.72 2954.88 44.64 287.571 0.000101701 2 -1
1627.2 1962.72 44.64 268.029 9.78365e-05 2 -1
1728 3349.44 44.64 280.866 0.000110618 2 -1
1647.36 3087.36 44.64 49.567 9.66771e-05 2 -1
1918.08 2990.88 44.64 150.618 0.000110503 2 -1
1520.64 2967.84 44.64 181.149 0.000115834 2 -1
1455.84 3287.52 44.64 257.777 9.17291e-05 2 -1
1569.6 2954.88 44.64 59.7771 9.56831e-05 2 -1
1330.56 2995.2 44.64 293.418 9.40468e-05 2 -1
1552.32 2964.96 44.64 282.602 9.51012e-05 2 -1
1267.2 2960.64 44.64 338.685 9.17551e-05 2 -1
1411.2 3405.6 44.64 216.03 9.2667e-05 2 -1
1213.92 3206.88 44.64 97.8314 9.4793e-05 2 -1
1722.24 1861.92 44.64 323.798 9.25692e-05 2 -1
1378.08 2976.48 44.64 105.139 9.55777e-05 2 -1
1876.32 2977.92 44.64 246.277 9.59008e-05 2 -1
2007.36 1355.04 44.64 264.666 9.61309e-05 2 -1
1787.04 3114.72 44.64 36.2226 9.2177e-05 2 -1
1882.08 2980.8 44.64 343.801 9.40684e-05 2 -1
2008.8 1329.12 44.64 71.7553 9.19113e-05 2 -1
2047.68 2944.8 44.64 278.296 9.21119e-05 2 -1
1761.12 1978.56 44.64 165.913 9.39076e-05 2 -1
1693.44 2465.28 44.64 13.1775 9.42971e-05 2 -1
2047.68 1248.48 44.64 123.712 9.34668e-05 2 -1
1067.04 2741.76 44.64 310.492 9.2209e-05 2 -1
1919.52 1271.52 44.64 83.0752 9.20954e-05 2 -1
1579.68 1962.72 44.64 245.361 9.4961e-05 2 -1
1700.64 2442.24 44.64 266.27 9.40662e-05 2 -1
1954.08 3176.64 44.64 268.339 9.36124e-05 2 -1
2178.72 2321.28 44.64 297.588 9.20979e-05 2 -1
1565.28 2551.68 44.64 14.8278 9.1444e-05 2 -1
1242.72 3157.92 44.64 112.69 9.14527e-05 2 -1
2099.52 3065.76 44.64 308.176 9.13925e-05 2 -1
2040.77 3074.11 53.568 267.916 0.000132767 3 -1
2002.75 3006.72 53.568 83.6597 0.000143299 3 -1
1399.68 3333.31 53.568 274.739 0.000250503 3 -1
1411.78 3326.4 53.568 229.408 0.000143097 3 -1
2025.22 3003.26 53.568 70.2082 0.000177808 3 -1
2047.68 3089.66 53.568 276.32 0.000136976 3 -1
1439.42 3314.3 53.568 231.955 0.000151263 3 -1
2977.34 3312.58 53.568 153.261 0.000200189 3 -1
2877.12 2999.81 53.568 209.006 0.000183493 3 -1
1143.94 2657.66 53.568 44.0439 0.000206591 3 -1
1740.1 2441.66 53.568 272.232 0.00057971 3 -1
2927.23 3340.22 53.568 338.571 0.000185743 3 -1
1276.99 2999.81 53.568 337.645 0.00016472 3 -1
1226.88 2631.74 53.568 128.269 0.000332524 3 -1
1159.49 2624.83 53.568 76.5563 0.000476044 3 -1
2052.86 3094.85 53.568 300.532 0.000160129 3 -1
1328.83 3030.91 53.568 143.089 0.000137573 3 -1
1287.36 2621.38 53.568 91.6826 0.000164093 3 -1
1142.21 2621.38 53.568 150.654 0.000296267 3 -1
1154.3 2617.92 53.568 92.3753 0.00046254 3 -1
1301.18 2614.46 53.568 58.4932 0.00051634 3 -1
1344.38 2607.55 53.568 100.128 0.000140949 3 -1
1356.48 2604.1 53.568 102.697 0.000184634 3 -1
1237.25 2604.1 53.568 124.744 0.000502912 3 -1
1145.66 2600.64 53.568 231.551 0.000192394 3 -1
1404.86 2590.27 53.568 104.061 0.000581764 3 -1
1370.3 2597.18 53.568 58.853 0.000502967 3 -1
1667.52 2458.94 53.568 231.515 0.000203669 3 -1
1757.38 1940.54 53.568 325.493 0.000150126 3 -1
1233.79 2595.46 53.568 144.296 0.000498594 3 -1
1251.07 2593.73 53.568 348.462 0.00045326 3 -1
1299.46 2592 53.568 120.318 0.000301624 3 -1
1140.48 2592 53.568 227.851 0.000405648 3 -1
1399.68 2588.54 53.568 122.273 0.000387145 3 -1
1708.99 1954.37 53.568 137.888 0.000186644 3 -1
1154.3 2588.54 53.568 288.235 0.000430619 3 -1
1418.69 2583.36 53.568 43.2264 0.000297935 3 -1
1899.07 2994.62 53.568 17.4838 0.000149914 3 -1
1299.46 2579.9 53.568 229.479 0.000463618 3 -1
1318.46 2576.45 53.568 9.46902 0.000332506 3 -1
1460.16 2572.99 53.568 106.026 0.000403012 3 -1
1591.49 2477.95 53.568 279.304 0.00058067 3 -1
1594.94 1964.74 53.568 237.045 0.000221873 3 -1
1230.34 2572.99 53.568 241.962 0.000437106 3 -1
1403.14 3341.95 53.568 114.333 0.000190974 3 -1
1399.68 3343.68 53.568 88.1103 0.000135789 3 -1
1335.74 3291.84 53.568 91.1108 0.000280008 3 -1
1933.63 2391.55 53.568 246.127 0.000325563 3 -1
1276.99 2989.44 53.568 340.447 0.000186029 3 -1
1728 3348.86 53.568 278.485 0.000147075 3 -1
1225.15 2571.26 53.568 233.82 0.000664047 3 -1
2037.31 2987.71 53.568 91.4652 0.000179953 3 -1
2077.06 3122.5 53.568 245.147 0.000215853 3 -1
1966.46 3034.37 53.568 75.2574 0.000186525 3 -1
1410.05 2559.17 53.568 356.124 0.000402887 3 -1
1541.38 2557.44 53.568 125.78 0.000275558 3 -1
1427.33 2557.44 53.568 342.26 0.000184896 3 -1
1292.54 2557.44 53.568 239.578 0.000458707 3 -1
1999.3 3013.63 53.568 84.3753 0.000148409 3 -1
1736.64 3022.27 53.568 80.3039 0.000147481 3 -1
1280.45 2557.44 53.568 221.273 0.000510598 3 -1
1548.29 2553.98 53.568 96.9858 0.000681625 3 -1
1354.75 3100.03 53.568 168.085 0.000145774 3 -1
1543.1 2552.26 53.568 124.348 0.000465285 3 -1
1237.25 2631.74 53.568 92.2238 0.000347061 3 -1
1408.32 2548.8 53.568 351.076 0.000517149 3 -1
1140.48 2633.47 53.568 151.085 0.000254162 3 -1
1589.76 2545.34 53.568 124.601 0.000204969 3 -1
1337.47 2985.98 53.568 53.8609 0.000150069 3 -1
1202.69 3288.38 53.568 49.1062 0.000234932 3 -1
1430.78 2984.26 53.568 11.3987 0.000160277 3 -1
1470.53 2545.34 53.568 352.098 0.000360682 3 -1
1425.6 2545.34 53.568 354.446 0.000353915 3 -1
1344.38 2982.53 53.568 120.837 0.000148123 3 -1
1142.21 2654.21 53.568 46.9271 0.000134185 3 -1
1544.83 2890.94 53.568 343.227 0.000196636 3 -1
1351.3 2540.16 53.568 241.247 0.000407009 3 -1
1569.02 3101.76 53.568 74.6645 0.00019615 3 -1
1192.32 2980.8 53.568 153.756 0.000133823 3 -1
1358.21 2538.43 53.568 275.759 0.00060488 3 -1
1608.77 2534.98 53.568 29.1469 0.000315321 3 -1
1468.8 2534.98 53.568 345.649 0.000368276 3 -1
2007.94 1330.56 53.568 70.6919 0.000151639 3 -1
2070.14 2977.34 53.568 330.216 0.000132783 3 -1
1911.17 3039.55 53.568 94.0235 0.000169822 3 -1
1876.61 2977.34 53.568 329.943 0.000143331 3 -1
1486.08 2529.79 53.568 6.795 0.000354683 3 -1
1403.14 2529.79 53.568 270.775 0.000467333 3 -1
1677.89 2526.34 53.568 103.12 0.000282687 3 -1
1646.78 2526.34 53.568 72.3412 0.000500457 3 -1
1553.47 2526.34 53.568 346.627 0.00048947 3 -1
1289.09 2616.19 53.568 93.0152 0.000338441 3 -1
1427.33 3015.36 53.568 295.447 0.000137065 3 -1
2051.14 3120.77 53.568 152.472 0.000149142 3 -1
1415.23 2906.5 53.568 109.374 0.000215788 3 -1
1422.14 2517.7 53.568 313.198 0.000557434 3 -1
2058.05 3101.76 53.568 325.785 0.000144947 3 -1
1418.69 3103.49 53.568 17.7449 0.000161807 3 -1
1550.02 2515.97 53.568 334.44 0.000556838 3 -1
1449.79 2515.97 53.568 223.173 0.00051413 3 -1
1560.38 2547.07 53.568 23.0215 0.000257539 3 -1
1627.78 2039.04 53.568 196.217 0.000208754 3 -1
1584.58 2514.24 53.568 159.112 0.000518945 3 -1
948.672 1755.65 53.568 297.463 0.000237424 3 -1
1463.62 2514.24 53.568 262.326 0.000482763 3 -1
1905.98 3041.28 53.568 103.156 0.000133933 3 -1
1584.58 2503.87 53.568 169.07 0.000326412 3 -1
1747.01 2502.14 53.568 90.9877 0.000737501 3 -1
1484.35 2502.14 53.568 310.258 0.000563256 3 -1
1753.92 2500.42 53.568 57.1075 0.000414951 3 -1
1982.02 2973.89 53.568 321.225 0.000189381 3 -1
1544.83 2493.5 53.568 294.068 0.000516963 3 -1
1534.46 2493.5 53.568 240.062 0.000567991 3 -1
1548.29 2486.59 53.568 305.066 0.000218612 3 -1
2083.97 3119.04 53.568 241.781 0.000221872 3 -1
1418.69 2972.16 53.568 24.9096 0.000241522 3 -1
1748.74 3151.87 53.568 152.544 0.000196231 3 -1
1594.94 2481.41 53.568 297.353 0.000440849 3 -1
1582.85 2481.41 53.568 233.086 0.000572291 3 -1
1641.6 3087.94 53.568 38.3953 0.000132775 3 -1
1391.04 2915.14 53.568 33.6123 0.000245473 3 -1
1598.4 2474.5 53.568 295.711 0.000184342 3 -1
1263.17 3381.7 53.568 70.8141 0.000143155 3 -1
1895.62 2915.14 53.568 50.025 0.00022537 3 -1
1624.32 2471.04 53.568 239.031 0.000565821 3 -1
1187.14 3022.27 53.568 276.29 0.000209897 3 -1
1905.98 3020.54 53.568 331.085 0.00014198 3 -1
1544.83 3424.9 53.568 290.034 0.000217718 3 -1
1890.43 2467.58 53.568 90.568 0.000606543 3 -1
1083.46 1717.63 53.568 218.059 0.000278487 3 -1
1885.25 2465.86 53.568 113.465 0.000446123 3 -1
1669.25 2465.86 53.568 221.598 0.00036841 3 -1
2078.78 3036.1 53.568 22.898 0.00015245 3 -1
2954.88 3248.64 53.568 107.044 0.000172199 3 -1
1520.64 2966.98 53.568 181.563 0.000157737 3 -1
1802.3 3236.54 53.568 104.623 0.000134533 3 -1
2039.04 1377.22 53.568 87.034 0.000134828 3 -1
1643.33 2965.25 53.568 78.6725 0.000136613 3 -1
1982.02 2918.59 53.568 340.258 0.00013532 3 -1
1484.35 2541.89 53.568 356.121 0.000324944 3 -1
1845.5 3060.29 53.568 102.29 0.000138173 3 -1
1686.53 2448.58 53.568 228.488 0.000353802 3 -1
1971.65 2446.85 53.568 92.0067 0.000502307 3 -1
1593.22 2540.16 53.568 118.58 0.000508457 3 -1
1966.46 2445.12 53.568 115.23 0.000333065 3 -1
2018.3 1385.86 53.568 72.106 0.000136199 3 -1
1689.98 2445.12 53.568 236.729 0.000239686 3 -1
1745.28 2443.39 53.568 283.559 0.000524655 3 -1
1707.26 2443.39 53.568 273.563 0.000195463 3 -1
1702.08 2443.39 53.568 273.128 0.000262762 3 -1
1615.68 3400.7 53.568 266.688 0.000173223 3 -1
1764.29 2441.66 53.568 207.671 0.000357292 3 -1
2018.3 2958.34 53.568 248.858 0.000136327 3 -1
2042.5 1389.31 53.568 78.0297 0.000160356 3 -1
1857.6 3203.71 53.568 53.3318 0.000207414 3 -1
1893.89 2439.94 53.568 106.038 0.000429945 3 -1
1415.23 2920.32 53.568 106.22 0.000186231 3 -1
1892.16 2431.3 53.568 243.775 0.000587272 3 -1
1786.75 3117.31 53.568 9.59048 0.000153076 3 -1
1982.02 2977.34 53.568 310.136 0.000136576 3 -1
1914.62 2427.84 53.568 8.35334 0.000465694 3 -1
1767.74 2427.84 53.568 243.548 0.000326207 3 -1
1648.51 2954.88 53.568 89.4701 0.000174758 3 -1
1907.71 2415.74 53.568 322.868 0.000135898 3 -1
2096.06 1397.95 53.568 260.952 0.000143742 3 -1
1365.12 3196.8 53.568 331.193 0.00021672 3 -1
1968.19 2407.1 53.568 327.837 0.000684337 3 -1
1873.15 2407.1 53.568 224.601 0.000667356 3 -1
1924.99 2953.15 53.568 295.997 0.000178651 3 -1
2160 2400.19 53.568 94.8258 0.0005509 3 -1
2168.64 2396.74 53.568 48.6291 0.00054477 3 -1
1995.84 1403.14 53.568 80.8221 0.000196849 3 -1
2154.82 2396.74 53.568 114.156 0.00034117 3 -1
2061.5 3113.86 53.568 316.447 0.000134042 3 -1
1636.42 2471.04 53.568 291.905 0.000378168 3 -1
1945.73 2388.1 53.568 267.684 0.000287466 3 -1
1978.56 2379.46 53.568 271.751 0.000462222 3 -1
1985.47 2377.73 53.568 307.553 0.000370976 3 -1
1988.93 2376 53.568 316.566 0.000201623 3 -1
2185.92 2369.09 53.568 11.7049 0.000228127 3 -1
2165.18 2369.09 53.568 351.177 0.000454095 3 -1
1392.77 2932.42 53.568 326.666 0.000155954 3 -1
1632.96 2467.58 53.568 281.593 0.0005687 3 -1
1332.29 2934.14 53.568 231.988 0.000188198 3 -1
1461.89 2576.45 53.568 93.9078 0.000452804 3 -1
2042.5 1413.5 53.568 257.38 0.000200379 3 -1
2163.46 2360.45 53.568 333.335 0.000539947 3 -1
1987.2 2934.14 53.568 342.926 0.000145286 3 -1
1435.97 2951.42 53.568 232.239 0.000156761 3 -1
2018.3 1418.69 53.568 241.653 0.000193738 3 -1
2156.54 2339.71 53.568 279.252 0.000451125 3 -1
1244.16 2628.29 53.568 75.7533 0.000236203 3 -1
2064.96 3051.65 53.568 109.136 0.000158721 3 -1
2142.72 2339.71 53.568 225.161 0.00065153 3 -1
1394.5 3324.67 53.568 292.136 0.000149433 3 -1
2153.09 2336.26 53.568 263.893 0.000563382 3 -1
2177.28 2331.07 53.568 331.283 0.000799335 3 -1
2035.58 3077.57 53.568 241.616 0.000158892 3 -1
1992.38 2947.97 53.568 346.983 0.000170824 3 -1
1266.62 2958.34 53.568 323.226 0.000136793 3 -1
1473.98 2947.97 53.568 68.3864 0.000141559 3 -1
1551.74 2946.24 53.568 273.712 0.000134671 3 -1
1287.36 2939.33 53.568 252.403 0.00013758 3 -1
1976.83 1432.51 53.568 247.821 0.00013747 3 -1
1401.41 2920.32 53.568 38.9826 0.000192523 3 -1
1762.56 2431.3 53.568 260.623 0.000237947 3 -1
1867.97 2405.38 53.568 220.572 0.000343137 3 -1
1809.22 3048.19 53.568 73.2831 0.000152695 3 -1
1040.26 1532.74 53.568 119.901 0.000249132 3 -1
2011.39 1489.54 53.568 87.9706 0.000140073 3 -1
2090.88 3112.13 53.568 244.03 0.000197253 3 -1
1330.56 2941.06 53.568 253.34 0.000172754 3 -1
2085.7 3112.13 53.568 243.964 0.00015542 3 -1
1924.99 3048.19 53.568 58.2934 0.000210191 3 -1
1919.81 1448.06 53.568 294.754 0.000200263 3 -1
1952.64 3177.79 53.568 255.027 0.000162292 3 -1
1795.39 3110.4 53.568 113.808 0.000223409 3 -1
763.776 1473.98 53.568 353.127 0.000160731 3 -1
1880.06 2980.8 53.568 7.17544 0.000129866 3 -1
2007.94 1354.75 53.568 263.742 0.000131591 3 -1
1859.33 3271.1 53.568 247.592 0.000132522 3 -1
1202.69 2994.62 53.568 165.792 0.000130366 3 -1
1987.2 1289.09 53.568 246.011 0.000124687 3 -1
1067.9 2740.61 53.568 309.161 0.000127575 3 -1
1363.39 3074.11 53.568 130.221 0.000127532 3 -1
1672.7 2531.52 53.568 99.03 0.000128389 3 -1
2179.01 2320.7 53.568 304.122 0.000124941 3 -1
1650.24 3086.21 53.568 50.1574 0.000125138 3 -1
1639.87 2464.13 53.568 286.067 0.000126331 3 -1
2020.03 2972.16 53.568 274.636 0.000128041 3 -1
1378.94 2975.62 53.568 135.277 0.000124851 3 -1
1588.03 1957.82 53.568 235.563 0.000129032 3 -1
1544.83 1994.11 53.568 178.321 0.000127248 3 -1
1786.75 1990.66 53.568 339.894 0.000125049 3 -1
2002.75 3086.21 53.568 304.239 0.000127309 3 -1
1439.42 3290.11 53.568 213.093 0.000126177 3 -1
1760.83 1978.56 53.568 216.182 0.000128792 3 -1
1992.38 1404.86 53.568 109.626 0.000128462 3 -1
1752.19 1892.16 53.568 303.364 0.000128 3 -1
2030.4 2956.61 53.568 236.229 0.000125274 3 -1
1944 2458.94 53.568 47.566 0.000122182 3 -1
2040.77 1373.76 53.568 85.3039 0.000124418 3 -1
1257.98 3150.14 53.568 12.4773 0.00012385 3 -1
2096.06 1373.76 53.568 78.2444 0.00012346 3 -1
1520.64 2908.22 53.568 102.67 0.000122413 3 -1
1961.28 3089.66 53.568 195.612 0.000123963 3 -1
1223.42 2638.66 53.568 130.451 0.000121361 3 -1
1159.49 3091.39 53.568 74.3388 0.000121791 3 -1
2099.52 1287.36 53.568 94.3944 0.000121384 3 -1
1785.02 2991.17 53.568 152.829 0.000122018 3 -1
1722.82 1937.09 53.568 227.186 0.000120918 3 -1
1038.87 1532.39 64.2816 119.53 0.000312532 4 -1
1173.66 2650.06 64.2816 89.1953 0.000402442 4 -1
1669.25 2465.51 64.2816 222.241 0.000641846 4 -1
1882.83 2465.51 64.2816 77.5135 0.000350386 4 -1
1886.98 2407.45 64.2816 236.886 0.000520727 4 -1
1634 2467.58 64.2816 262.704 0.000567968 4 -1
1225.5 2571.26 64.2816 231.936 0.000720655 4 -1
1872.46 2407.45 64.2816 242.007 0.000683205 4 -1
1766.71 2428.19 64.2816 241.732 0.000343273 4 -1
1967.85 2405.38 64.2816 337.408 0.000717203 4 -1
2160.69 2399.16 64.2816 85.1453 0.000663704 4 -1
1891.12 2467.58 64.2816 83.6996 0.000835517 4 -1
1159.14 2625.18 64.2816 55.4248 0.000566716 4 -1
2166.91 2395.01 64.2816 62.1222 0.000600903 4 -1
1942.96 2388.79 64.2816 254.3 0.000342199 4 -1
1368.58 2596.15 64.2816 58.8048 0.000705392 4 -1
1984.44 2378.42 64.2816 303.465 0.000451416 4 -1
1082.42 1716.94 64.2816 218.156 0.000369696 4 -1
2164.84 2370.13 64.2816 354.74 0.00041435 4 -1
1470.18 2533.94 64.2816 357.687 0.000428697 4 -1
1142.55 2618.96 64.2816 156.78 0.000329513 4 -1
1913.93 2428.19 64.2816 3.62072 0.00058753 4 -1
1410.05 2560.9 64.2816 325.537 0.000393143 4 -1
2160.69 2359.76 64.2816 340.861 0.000452381 4 -1
1152.92 2616.88 64.2816 114.097 0.000499122 4 -1
1596.67 2482.1 64.2816 273.107 0.000347048 4 -1
2181.43 2355.61 64.2816 359.14 0.000401335 4 -1
1891.12 2430.26 64.2816 144.763 0.000499424 4 -1
1300.15 2614.81 64.2816 81.2031 0.000621345 4 -1
2142.03 2339.02 64.2816 243.216 0.000548477 4 -1
2177.28 2330.73 64.2816 316.124 0.000712705 4 -1
1544.83 2488.32 64.2816 281.337 0.000417681 4 -1
1225.5 2631.4 64.2816 126.488 0.000321355 4 -1
1592.53 2477.95 64.2816 271.377 0.000588118 4 -1
1725.24 2448.92 64.2816 222.162 0.000548614 4 -1
1405.9 2589.93 64.2816 101.441 0.00074581 4 -1
1534.46 2494.54 64.2816 241.054 0.000749377 4 -1
1293.93 2558.82 64.2816 231.613 0.000471512 4 -1
1293.93 2614.81 64.2816 72.3327 0.000785933 4 -1
1281.48 2558.82 64.2816 225.424 0.000597197 4 -1
1762.56 2440.63 64.2816 266.822 0.000465384 4 -1
1971.99 2446.85 64.2816 80.2639 0.000643043 4 -1
1463.96 2575.41 64.2816 75.1307 0.000642293 4 -1
1544.83 2494.54 64.2816 274.38 0.000577141 4 -1
1895.27 2440.63 64.2816 110.187 0.000535858 4 -1
1231.72 2573.34 64.2816 253.667 0.00047445 4 -1
1237.94 2604.44 64.2816 178.322 0.000577674 4 -1
1391.39 2529.79 64.2816 225.973 0.000554181 4 -1
1752.19 2498.69 64.2816 63.7232 0.000590782 4 -1
1482.62 2502.84 64.2816 311.188 0.000705139 4 -1
1702.43 2444.77 64.2816 246.597 0.000346466 4 -1
1745.97 2502.84 64.2816 91.8337 0.000590132 4 -1
1584.23 2504.91 64.2816 178.07 0.000418308 4 -1
1300.15 2579.56 64.2816 124.328 0.000656579 4 -1
1553.13 2513.2 64.2816 335.655 0.000651773 4 -1
1078.27 1719.01 64.2816 216.765 0.000371312 4 -1
1449.45 2515.28 64.2816 235.25 0.000507385 4 -1
1463.96 2515.28 64.2816 258.113 0.000537323 4 -1
1596.67 2542.23 64.2816 95.0927 0.00065185 4 -1
1586.3 2515.28 64.2816 161.396 0.000420926 4 -1
1563.49 2550.53 64.2816 35.9276 0.000349922 4 -1
1358.21 2598.22 64.2816 85.8306 0.000459034 4 -1
1739.75 2442.7 64.2816 259.586 0.000674945 4 -1
1407.97 2548.45 64.2816 354.059 0.000502718 4 -1
1422.49 2517.35 64.2816 288.784 0.000434039 4 -1
1252.45 2594.07 64.2816 348.245 0.000509766 4 -1
1235.87 2594.07 64.2816 143.279 0.000820831 4 -1
1300.15 2592 64.2816 116.707 0.000401938 4 -1
1470.18 2546.38 64.2816 345.805 0.000348159 4 -1
1426.64 2546.38 64.2816 358.257 0.000349826 4 -1
1140.48 2592 64.2816 233.554 0.000445925 4 -1
1625.7 2469.66 64.2816 254.066 0.000524759 4 -1
1553.13 2525.65 64.2816 339.736 0.000581788 4 -1
2154.47 2397.08 64.2816 80.3759 0.000383052 4 -1
1646.44 2527.72 64.2816 92.0814 0.000452997 4 -1
1677.54 2527.72 64.2816 95.7228 0.00033325 4 -1
1457.74 2573.34 64.2816 103.041 0.000388072 4 -1
1546.91 2554.68 64.2816 98.0116 0.000671891 4 -1
1351.99 2540.16 64.2816 250.019 0.000500693 4 -1
2152.4 2336.95 64.2816 251.901 0.000633252 4 -1
1978.21 2378.42 64.2816 282.135 0.00041925 4 -1
1403.83 2529.79 64.2816 264.941 0.000590805 4 -1
1304.29 2589.93 64.2816 55.7936 0.000577173 4 -1
1358.21 2538.09 64.2816 265.656 0.0005643 4 -1
1155 2587.85 64.2816 285.588 0.000332588 4 -1
1924.3 3048.19 64.2816 57.5993 0.000235871 4 -1
2177.28 2365.98 64.2816 347.895 0.000278332 4 -1
1924.3 2952.81 64.2816 233.184 0.000257121 4 -1
1210.98 2573.34 64.2816 210.696 0.000259771 4 -1
1186.1 3193.34 64.2816 92.5933 0.000273306 4 -1
1364.43 3197.49 64.2816 334.107 0.000252495 4 -1
2876.08 2998.43 64.2816 208.576 0.000243481 4 -1
1857.95 3205.79 64.2816 47.9772 0.000239068 4 -1
1594.6 1963.7 64.2816 247.227 0.00025595 4 -1
1667.17 2459.29 64.2816 233.127 0.00029375 4 -1
1704.5 2459.29 64.2816 327.75 0.000272789 4 -1
1486.77 2529.79 64.2816 4.14876 0.000251948 4 -1
2185.57 2368.05 64.2816 353.172 0.000238104 4 -1
947.635 1756.34 64.2816 296.775 0.00025715 4 -1
1793.66 3110.4 64.2816 172.19 0.000244595 4 -1
1617.41 3398.63 64.2816 262.928 0.000279142 4 -1
1165.36 3170.53 64.2816 16.3203 0.00024294 4 -1
1920.15 1447.37 64.2816 291.25 0.00025593 4 -1
1768.78 2444.77 64.2816 230.839 0.000265083 4 -1
2177.28 2322.43 64.2816 312.168 0.000266374 4 -1
1144.63 2604.44 64.2816 221.755 0.000307966 4 -1
1335.4 3292.88 64.2816 89.2267 0.00030889 4 -1
1391.39 2915.48 64.2816 359.763 0.000270464 4 -1
1982.36 2973.54 64.2816 327.927 0.000242725 4 -1
1418.34 2971.47 64.2816 21.2047 0.000259134 4 -1
1482.62 2542.23 64.2816 350.606 0.000300935 4 -1
1559.35 2546.38 64.2816 45.7176 0.00024118 4 -1
1225.5 2637.62 64.2816 120.937 0.000243246 4 -1
1399.68 3332.28 64.2816 257.635 0.000280374 4 -1
2081.89 3118.69 64.2816 246.143 0.000269546 4 -1
1754.27 1934.67 64.2816 304.336 0.000161054 4 -1
1899.42 1385.17 64.2816 303.616 0.000173404 4 -1
1907.71 2415.74 64.2816 329.61 0.000208394 4 -1
1488.84 2544.31 64.2816 353.304 0.000164495 4 -1
1289.78 2996.35 64.2816 340.988 0.000161621 4 -1
2017.61 1387.24 64.2816 73.4203 0.00017203 4 -1
1756.34 1938.82 64.2816 306.757 0.000195947 4 -1
2042.5 1389.31 64.2816 98.9249 0.000173532 4 -1
1169.51 2652.13 64.2816 97.3228 0.000180607 4 -1
1627.78 2038.35 64.2816 221.599 0.000204727 4 -1
2115.07 1391.39 64.2816 222.706 0.000184206 4 -1
1974.07 1393.46 64.2816 66.7867 0.000170026 4 -1
1439.08 2587.85 64.2816 62.2889 0.000232425 4 -1
2023.83 3002.57 64.2816 66.9917 0.000204868 4 -1
1673.4 2531.87 64.2816 77.8878 0.00016307 4 -1
2046.64 2946.59 64.2816 281.472 0.000206708 4 -1
1329.18 2940.37 64.2816 251.727 0.000211754 4 -1
2007.25 1354.06 64.2816 264.94 0.000161298 4 -1
1333.32 2934.14 64.2816 231.123 0.000186943 4 -1
1965.77 3033.68 64.2816 68.7505 0.000233089 4 -1
1439.08 3313.61 64.2816 230.568 0.000177318 4 -1
1998.95 3012.94 64.2816 77.795 0.000177687 4 -1
1519.95 2965.25 64.2816 173.247 0.000173938 4 -1
1727.31 3348.86 64.2816 276.104 0.000168519 4 -1
1142.55 2658.36 64.2816 75.954 0.000234717 4 -1
1590.45 2546.38 64.2816 111.738 0.000178059 4 -1
1414.2 2921.7 64.2816 120.701 0.000213379 4 -1
1362.36 3075.15 64.2816 131.995 0.000184227 4 -1
2040.42 3075.15 64.2816 255.32 0.000187395 4 -1
1397.61 2594.07 64.2816 92.6359 0.000188615 4 -1
2042.5 1412.12 64.2816 248.646 0.000233115 4 -1
2077.75 3035.75 64.2816 30.0709 0.000173081 4 -1
1277.34 2998.43 64.2816 329.157 0.000231096 4 -1
1824.77 3182.98 64.2816 267.087 0.000178413 4 -1
2063.23 3050.27 64.2816 117.991 0.000200495 4 -1
1918.08 1410.05 64.2816 55.9355 0.000177431 4 -1
2927.92 3340.57 64.2816 324.11 0.000200198 4 -1
1980.29 2917.56 64.2816 340.056 0.000176007 4 -1
1882.83 2471.73 64.2816 86.5786 0.000185538 4 -1
2017.61 1420.42 64.2816 254.117 0.000198692 4 -1
1895.27 2915.48 64.2816 297.701 0.000230477 4 -1
1785.37 3116.62 64.2816 268.836 0.000170792 4 -1
1899.42 2994.28 64.2816 34.9877 0.000161919 4 -1
1441.15 3290.8 64.2816 228.098 0.000165733 4 -1
1378.94 2598.22 64.2816 65.1249 0.000215272 4 -1
1544.83 3423.51 64.2816 286.889 0.000227128 4 -1
2065.31 1474.33 64.2816 63.4783 0.000165749 4 -1
1801.96 3234.82 64.2816 107.082 0.000197253 4 -1
1648.51 2954.88 64.2816 96.8722 0.000211053 4 -1
1708.65 1955.41 64.2816 157.693 0.000218624 4 -1
1414.2 2907.19 64.2816 130.815 0.00021287 4 -1
1401.75 2919.63 64.2816 35.539 0.000214658 4 -1
1277.34 2990.13 64.2816 328.901 0.000180965 4 -1
1586.3 1957.48 64.2816 243.693 0.000179768 4 -1
1275.26 2952.81 64.2816 279.878 0.000165729 4 -1
1329.18 3031.6 64.2816 194.319 0.000191285 4 -1
2036.28 2988.06 64.2816 106.006 0.000197942 4 -1
1544.83 2890.6 64.2816 52.8045 0.000194973 4 -1
1992.73 2948.66 64.2816 336.532 0.000165143 4 -1
1735.6 3027.46 64.2816 99.3088 0.000207877 4 -1
1953.33 3178.83 64.2816 244.998 0.000171748 4 -1
765.159 1472.26 64.2816 351.25 0.000220706 4 -1
1689.98 2444.77 64.2816 247.137 0.000204681 4 -1
1437.01 2950.73 64.2816 154.059 0.000185711 4 -1
1391.39 2932.07 64.2816 354.594 0.000174503 4 -1
1204.76 3064.78 64.2816 67.1843 0.000161061 4 -1
2011.39 1490.92 64.2816 87.7822 0.000178051 4 -1
1358.21 2604.44 64.2816 88.0022 0.000218686 4 -1
1430.78 2983.91 64.2816 55.9981 0.000197072 4 -1
1951.26 1277.34 64.2816 79.3491 0.000181304 4 -1
1337.47 2983.91 64.2816 39.3452 0.00023315 4 -1
1426.64 2556.75 64.2816 335.634 0.000193078 4 -1
1343.69 2981.84 64.2816 96.5107 0.000216841 4 -1
1354.06 3100.03 64.2816 154.237 0.000209701 4 -1
1418.34 3102.11 64.2816 21.4982 0.00017641 4 -1
1835.14 3174.68 64.2816 247.538 0.000195631 4 -1
1569.72 3102.11 64.2816 93.4362 0.000194587 4 -1
1548.98 2486.25 64.2816 290.454 0.000185733 4 -1
1393.46 3326.05 64.2816 297.111 0.000206193 4 -1
1403.83 3342.64 64.2816 130.696 0.000228799 4 -1
1737.68 3023.31 64.2816 87.1854 0.000176529 4 -1
2086.04 3112.47 64.2816 244.533 0.000191271 4 -1
2092.26 3112.47 64.2816 241.224 0.000173144 4 -1
1242.09 3158.09 64.2816 80.507 0.00015952 4 -1
1412.12 3326.05 64.2816 242.015 0.000160424 4 -1
2030.05 2959.03 64.2816 249.02 0.000160621 4 -1
2096.41 1395.53 64.2816 258.032 0.000160124 4 -1
2019.69 2971.47 64.2816 265.275 0.000158203 4 -1
1986.51 2934.14 64.2816 345.562 0.000159377 4 -1
1627.78 1961.63 64.2816 262.333 0.000158541 4 -1
1916.01 2990.13 64.2816 102.709 0.000156495 4 -1
1996.88 1401.75 64.2816 90.2581 0.000157108 4 -1
1644.36 3274.21 64.2816 13.0234 0.000158175 4 -1
1648.51 3085.52 64.2816 42.6241 0.000155755 4 -1
1144.63 2607.76 77.1379 220.679 0.000296893 5 -1
1702.01 2446.02 77.1379 226.812 0.000537986 5 -1
1420.83 2518.18 77.1379 275.078 0.000384174 5 -1
1450.69 2515.69 77.1379 232.668 0.00059546 5 -1
1552.71 2513.2 77.1379 289.761 0.000753323 5 -1
2167.33 2396.25 77.1379 68.619 0.000527296 5 -1
1644.78 2525.65 77.1379 90.4007 0.000653403 5 -1
1637.31 2528.13 77.1379 81.9597 0.000626312 5 -1
1746.8 2503.25 77.1379 85.1703 0.000738703 5 -1
1458.16 2513.2 77.1379 250.157 0.000689267 5 -1
2157.37 2341.51 77.1379 267.913 0.000433528 5 -1
1943.38 2388.79 77.1379 243.548 0.000306743 5 -1
1595.01 2543.06 77.1379 85.1589 0.000561109 5 -1
1483.04 2503.25 77.1379 309.004 0.000500365 5 -1
1358.62 2538.09 77.1379 238.8 0.000500516 5 -1
1983.19 2378.83 77.1379 306.184 0.000489294 5 -1
1425.81 2555.51 77.1379 342.657 0.000326042 5 -1
1545.25 2555.51 77.1379 98.4394 0.000571641 5 -1
1336.23 3294.54 77.1379 87.9374 0.000336067 5 -1
1751.78 2498.27 77.1379 65.1055 0.000714896 5 -1
1082.42 1716.94 77.1379 217.193 0.000393312 5 -1
1408.39 2548.04 77.1379 311.369 0.000560582 5 -1
1425.81 2548.04 77.1379 344.444 0.000395918 5 -1
2184.75 2366.39 77.1379 354.486 0.00033666 5 -1
1965.77 2406.21 77.1379 326.763 0.000706973 5 -1
1281.49 2557.99 77.1379 229.326 0.000734201 5 -1
1328.76 2938.71 77.1379 243.734 0.000379713 5 -1
1545.25 2488.32 77.1379 262.485 0.000385784 5 -1
1599.99 2540.58 77.1379 78.2563 0.00120552 5 -1
1152.09 2590.34 77.1379 273.262 0.000559948 5 -1
2874.01 2998.43 77.1379 210.952 0.000309247 5 -1
2177.28 2331.56 77.1379 314.911 0.000490831 5 -1
1234.21 2592.83 77.1379 216.81 0.000696068 5 -1
1254.11 2592.83 77.1379 338.983 0.000590688 5 -1
1184.44 3192.52 77.1379 81.6133 0.000300015 5 -1
1239.18 2605.27 77.1379 98.8759 0.000623229 5 -1
2077.75 3120.35 77.1379 248.527 0.00036245 5 -1
1157.07 2627.67 77.1379 70.8504 0.000524904 5 -1
1669.66 2468.41 77.1379 222.953 0.000848297 5 -1
1632.34 2468.41 77.1379 245.898 0.000659935 5 -1
1888.64 2468.41 77.1379 73.1315 0.000666299 5 -1
1405.9 2530.62 77.1379 272.705 0.000615147 5 -1
1184.44 3020.82 77.1379 257.416 0.000307233 5 -1
1390.97 2530.62 77.1379 239.055 0.000682925 5 -1
1724.41 2451 77.1379 237.2 0.000453063 5 -1
1485.53 2510.72 77.1379 322.453 0.00030995 5 -1
1231.72 2575.41 77.1379 253.866 0.000460615 5 -1
1398.44 2528.13 77.1379 247.779 0.000971386 5 -1
1582.57 2480.86 77.1379 252.275 0.000608248 5 -1
1575.11 2480.86 77.1379 246.761 0.000322144 5 -1
1403.41 2590.34 77.1379 87.7131 0.000702163 5 -1
1896.1 2441.04 77.1379 81.9802 0.000569607 5 -1
1435.76 2585.36 77.1379 60.7365 0.000453424 5 -1
1595.01 2475.88 77.1379 245.384 0.000345554 5 -1
2177.28 2326.58 77.1379 310.188 0.000458966 5 -1
1552.71 2525.65 77.1379 21.8316 0.000619162 5 -1
1139.65 2592.83 77.1379 236.621 0.00046502 5 -1
1794.08 3112.89 77.1379 201.738 0.000319984 5 -1
1689.57 2448.51 77.1379 278.477 0.000390533 5 -1
1624.87 2473.39 77.1379 263.122 0.000783624 5 -1
1301.39 2592.83 77.1379 100.409 0.000477947 5 -1
2142.44 2339.02 77.1379 259.466 0.000513512 5 -1
1321.3 2577.9 77.1379 359.478 0.000396897 5 -1
1298.9 2577.9 77.1379 184.241 0.00058374 5 -1
1368.58 2597.81 77.1379 69.6337 0.000916095 5 -1
1463.13 2575.41 77.1379 76.1018 0.000682972 5 -1
1736.85 2443.53 77.1379 268.322 0.00109951 5 -1
1358.62 2602.78 77.1379 79.9373 0.000365118 5 -1
1224.25 2572.92 77.1379 232.746 0.00104156 5 -1
1152.09 2615.22 77.1379 235.211 0.000428986 5 -1
1040.12 1532.81 77.1379 119.481 0.000364827 5 -1
1301.39 2615.22 77.1379 87.4716 0.000583945 5 -1
1410.88 2560.48 77.1379 11.8771 0.00045923 5 -1
1485.53 2533.11 77.1379 357.458 0.000472855 5 -1
1293.93 2617.71 77.1379 71.3346 0.000855028 5 -1
2159.86 2358.93 77.1379 325.72 0.000404981 5 -1
1535.29 2495.79 77.1379 241.441 0.00128865 5 -1
1582.57 2503.25 77.1379 225.437 0.000301392 5 -1
1886.15 2408.69 77.1379 239.265 0.000550667 5 -1
1296.42 2557.99 77.1379 248.14 0.000594363 5 -1
2976.03 3314.44 77.1379 162.644 0.000324065 5 -1
1229.23 2635.13 77.1379 114.667 0.000593686 5 -1
1562.67 2553.02 77.1379 62.9391 0.000353344 5 -1
2164.84 2371.37 77.1379 19.135 0.000389693 5 -1
1470.6 2548.04 77.1379 22.5416 0.00035589 5 -1
1973.24 2446.02 77.1379 65.6659 0.000879854 5 -1
1891.12 2428.6 77.1379 188.149 0.000430176 5 -1
1916.01 2428.6 77.1379 0.243874 0.000536766 5 -1
1978.21 2378.83 77.1379 302.895 0.000427448 5 -1
1174.49 2650.06 77.1379 64.2044 0.00052178 5 -1
1351.16 2540.58 77.1379 265.897 0.000595226 5 -1
1704.5 2458.46 77.1379 259.202 0.000347394 5 -1
1331.25 2933.73 77.1379 231.453 0.000232821 5 -1
1361.11 3078.05 77.1379 130.918 0.000269303 5 -1
1418.34 2973.54 77.1379 12.4101 0.000264609 5 -1
1224.25 2637.62 77.1379 117.056 0.000240059 5 -1
1398.44 3331.86 77.1379 256.782 0.000280056 5 -1
948.05 1756.75 77.1379 292.931 0.000291128 5 -1
1480.55 2572.92 77.1379 48.1414 0.000287395 5 -1
1393.46 3326.88 77.1379 294.839 0.00023813 5 -1
1786.61 3117.87 77.1379 239.382 0.000247803 5 -1
1595.01 1963.28 77.1379 255.781 0.000247798 5 -1
1906.05 2416.16 77.1379 321.496 0.000257628 5 -1
1500.46 2983.5 77.1379 232.167 0.000236596 5 -1
1433.27 2983.5 77.1379 34.3597 0.000241304 5 -1
1963.28 3033.26 77.1379 66.4766 0.000285396 5 -1
2035.45 3078.05 77.1379 254.736 0.000246425 5 -1
1433.27 3448.81 77.1379 283.955 0.000256045 5 -1
1390.97 2916.31 77.1379 313.416 0.000283721 5 -1
1129.7 2662.5 77.1379 113.376 0.000290035 5 -1
1164.53 3170.12 77.1379 7.39643 0.000281712 5 -1
1883.66 2470.9 77.1379 68.5829 0.000264206 5 -1
1201.86 3287.07 77.1379 359.622 0.000291674 5 -1
1301.39 3013.36 77.1379 322.911 0.00026939 5 -1
1923.47 2953.64 77.1379 154.968 0.00023606 5 -1
1400.92 2918.8 77.1379 350.763 0.000247223 5 -1
1423.32 2525.65 77.1379 278.354 0.000262024 5 -1
1480.55 2543.06 77.1379 3.62609 0.000267725 5 -1
1647.27 2956.12 77.1379 116.37 0.000239148 5 -1
1378.53 2597.81 77.1379 88.8432 0.000276077 5 -1
1823.94 3182.56 77.1379 279.554 0.000248517 5 -1
1617.41 3399.05 77.1379 257.437 0.00028215 5 -1
1363.6 3197.49 77.1379 336.376 0.000250869 5 -1
1983.19 2973.54 77.1379 324.532 0.000262367 5 -1
1923.47 3048.19 77.1379 61.1634 0.000261698 5 -1
2018.03 1418.34 77.1379 258.542 0.000277385 5 -1
1856.29 3207.45 77.1379 43.328 0.000285048 5 -1
1766.71 2428.6 77.1379 258.595 0.000247057 5 -1
1415.85 2908.85 77.1379 146.435 0.000263683 5 -1
1353.65 3100.45 77.1379 144.701 0.000265007 5 -1
2045.4 2948.66 77.1379 276.331 0.000285262 5 -1
1520.36 2966.08 77.1379 213.826 0.00020723 5 -1
1801.54 3234.82 77.1379 108.894 0.000223488 5 -1
1756.75 1938.4 77.1379 296.556 0.000213285 5 -1
1898.59 1383.51 77.1379 311.702 0.00021485 5 -1
1585.06 1958.31 77.1379 257.305 0.000215879 5 -1
1918.5 2951.15 77.1379 237.452 0.000227828 5 -1
1672.15 2530.62 77.1379 55.5143 0.000216514 5 -1
1174.49 2990.96 77.1379 223.674 0.000213909 5 -1
1450.69 3329.37 77.1379 205.75 0.000215823 5 -1
1709.48 1955.82 77.1379 178.466 0.000212984 5 -1
1206.84 3065.61 77.1379 78.5345 0.000209229 5 -1
1570.13 3100.45 77.1379 109.305 0.000210424 5 -1
2035.45 2988.47 77.1379 100.545 0.00020981 5 -1
2065.31 1475.57 77.1379 62.4181 0.000209694 5 -1
1542.76 2888.94 77.1379 24.106 0.000208277 5 -1
1525.34 2921.29 77.1379 25.8758 0.000227077 5 -1
1726.89 3346.79 77.1379 266.543 0.000212898 5 -1
1403.41 3344.3 77.1379 149.866 0.00021055 5 -1
1906.05 3018.33 77.1379 76.0567 0.000226987 5 -1
1590.04 2545.55 77.1379 84.2307 0.000228091 5 -1
1542.76 3423.93 77.1379 276.787 0.00020777 5 -1
1998.12 3013.36 77.1379 70.5535 0.000210448 5 -1
2062.82 3050.68 77.1379 122.32 0.000191294 5 -1
1990.66 2948.66 77.1379 330.813 0.000191776 5 -1
2023 3003.4 77.1379 72.4139 0.000206161 5 -1
763.914 1473.09 77.1379 349.71 0.000194692 5 -1
2010.56 1490.5 77.1379 86.7645 0.000200264 5 -1
2112.58 1371.06 77.1379 131.024 0.000194011 5 -1
2926.26 3341.81 77.1379 318.336 0.000201566 5 -1
1488.02 2543.06 77.1379 357.449 0.000203261 5 -1
1328.76 3030.77 77.1379 257.136 0.000205763 5 -1
2077.75 3033.26 77.1379 30.1631 0.000206988 5 -1
1918.5 1448.2 77.1379 289.187 0.000200316 5 -1
1903.57 1381.02 77.1379 305.929 0.000198105 5 -1
1169.51 2652.55 77.1379 64.9195 0.000205851 5 -1
768.891 1473.09 77.1379 348.539 0.000203365 5 -1
1251.63 3359.23 77.1379 239.818 0.000195156 5 -1
1261.58 3379.14 77.1379 82.2007 0.000187497 5 -1
2040.42 3075.56 77.1379 240.227 0.000189007 5 -1
1920.98 1346.18 77.1379 95.7242 0.000190617 5 -1
1241.67 3157.68 77.1379 49.7519 0.000190135 5 -1
2040.42 1390.97 77.1379 81.2066 0.000190625 5 -1
1995.63 1403.41 77.1379 106.338 0.000189292 5 -1
1619.9 3214.91 77.1379 5.644 0.000186603 5 -1
1140.65 2591.83 92.5655 240.589 0.000468903 6 -1
2143.94 2341.01 92.5655 272.637 0.000841332 6 -1
1540.77 2490.31 92.5655 239.92 0.00091619 6 -1
1304.88 2591.83 92.5655 75.8198 0.000603116 6 -1
1582.57 2481.35 92.5655 251.603 0.000860435 6 -1
1534.8 2493.3 92.5655 239.292 0.00122778 6 -1
1242.17 2606.76 92.5655 73.0051 0.000593455 6 -1
1224.25 2573.92 92.5655 234.358 0.00106761 6 -1
1406.4 2532.12 92.5655 267.367 0.000506577 6 -1
2164.84 2394.76 92.5655 53.4485 0.000804983 6 -1
1298.9 2612.74 92.5655 79.1074 0.000950448 6 -1
1964.78 2403.72 92.5655 293.812 0.000683129 6 -1
1624.38 2472.4 92.5655 269.418 0.000836275 6 -1
1236.2 2588.85 92.5655 252.949 0.000681859 6 -1
1218.28 2573.92 92.5655 221.425 0.000872921 6 -1
1872.21 2406.7 92.5655 251.883 0.000682899 6 -1
1752.77 2499.27 92.5655 80.2601 0.000574064 6 -1
1917 2406.7 92.5655 299.643 0.000478806 6 -1
1887.14 2409.69 92.5655 261.742 0.000504853 6 -1
1639.31 2529.13 92.5655 60.3261 0.000645005 6 -1
1361.61 2600.79 92.5655 80.71 0.000623314 6 -1
1391.47 2529.13 92.5655 263.378 0.000866489 6 -1
2179.77 2358.93 92.5655 352.225 0.000476957 6 -1
1645.28 2526.14 92.5655 68.1966 0.000554189 6 -1
1552.71 2526.14 92.5655 137.932 0.00063665 6 -1
1251.13 2573.92 92.5655 261.069 0.000661244 6 -1
1230.23 2633.64 92.5655 111.796 0.000761298 6 -1
1552.71 2550.03 92.5655 90.4473 0.00108028 6 -1
1546.74 2553.02 92.5655 95.6676 0.000870748 6 -1
1917 2430.59 92.5655 20.307 0.000530672 6 -1
1630.35 2469.41 92.5655 252.885 0.000940523 6 -1
1355.64 2538.09 92.5655 241.486 0.000735775 6 -1
1469.1 2570.93 92.5655 63.0867 0.00110331 6 -1
1254.11 2591.83 92.5655 266.015 0.000716594 6 -1
1597.5 2541.07 92.5655 74.2246 0.000915846 6 -1
1322.79 2556 92.5655 275.35 0.000497434 6 -1
1737.84 2442.54 92.5655 262.711 0.000965679 6 -1
1158.56 2627.67 92.5655 50.5459 0.000527691 6 -1
2149.91 2338.03 92.5655 276.54 0.000894136 6 -1
1173.49 2648.57 92.5655 47.1569 0.000598278 6 -1
1451.19 2517.19 92.5655 244.591 0.000846351 6 -1
1970.75 2445.52 92.5655 60.9921 0.000715679 6 -1
1890.13 2466.42 92.5655 78.0004 0.00085533 6 -1
1280.99 2558.99 92.5655 237.08 0.000849221 6 -1
1702.01 2448.51 92.5655 262.876 0.0007041 6 -1
1319.81 2579.89 92.5655 17.9866 0.000824081 6 -1
1549.73 2511.21 92.5655 210.534 0.000642826 6 -1
1310.85 2561.97 92.5655 280.361 0.000543237 6 -1
949.543 1752.77 92.5655 288.942 0.000481957 6 -1
1367.58 2594.82 92.5655 95.3208 0.00110443 6 -1
1746.8 2502.26 92.5655 67.6558 0.000707552 6 -1
1672.15 2466.42 92.5655 253.946 0.000708939 6 -1
1728.89 3347.29 92.5655 256.184 0.000231782 6 -1
1164.53 3168.13 92.5655 1.3163 0.000292252 6 -1
1767.7 2442.54 92.5655 285.485 0.00023563 6 -1
1934.92 2391.77 92.5655 250.828 0.000390482 6 -1
1224.25 2636.62 92.5655 110.802 0.000252158 6 -1
1487.02 2541.07 92.5655 4.4667 0.000239596 6 -1
1328.76 2935.22 92.5655 232.845 0.000312377 6 -1
1185.44 3192.02 92.5655 53.0709 0.000250621 6 -1
2167.82 2370.87 92.5655 22.7843 0.000421121 6 -1
1412.37 2561.97 92.5655 60.285 0.000363615 6 -1
1400.43 3329.37 92.5655 259.753 0.000358833 6 -1
1648.26 2956.12 92.5655 153.663 0.000293725 6 -1
1884.16 2469.41 92.5655 77.9863 0.000289464 6 -1
1818.46 3066.61 92.5655 358.433 0.000232557 6 -1
2176.78 2329.07 92.5655 310.73 0.000364007 6 -1
1594.52 2475.38 92.5655 239.136 0.000350028 6 -1
1896.1 2917.31 92.5655 268.253 0.000234976 6 -1
1612.43 2538.09 92.5655 88.1991 0.000325842 6 -1
1794.58 3111.4 92.5655 233.472 0.00035035 6 -1
1940.89 2388.79 92.5655 255.092 0.000408184 6 -1
1690.07 2457.47 92.5655 261.028 0.000369647 6 -1
1964.78 3030.77 92.5655 65.5608 0.00031127 6 -1
1080.93 1716.94 92.5655 213.577 0.000395823 6 -1
1433.27 2980.01 92.5655 2.18411 0.000246199 6 -1
1400.43 2917.31 92.5655 251.427 0.000256716 6 -1
1400.43 2591.83 92.5655 71.6551 0.000423532 6 -1
1472.09 2547.04 92.5655 34.0465 0.000327242 6 -1
1591.53 2544.06 92.5655 58.1518 0.000309122 6 -1
1068.98 2738.15 92.5655 304.735 0.000237034 6 -1
1185.44 3018.83 92.5655 246.605 0.000330751 6 -1
1039.12 1531.81 92.5655 117.569 0.000434806 6 -1
1334.74 3293.54 92.5655 69.6056 0.000298812 6 -1
2182.75 2364.9 92.5655 4.12808 0.000360652 6 -1
1979.71 2379.83 92.5655 311.124 0.000351863 6 -1
1415.36 2923.28 92.5655 152.662 0.000246541 6 -1
1785.62 3117.37 92.5655 232.205 0.000285133 6 -1
1415.36 2908.35 92.5655 166.206 0.000265435 6 -1
1564.66 2550.03 92.5655 91.2249 0.000254437 6 -1
1152.59 2588.85 92.5655 272.367 0.000452608 6 -1
1618.4 3398.05 92.5655 253.914 0.000273361 6 -1
1642.29 3272.64 92.5655 11.6598 0.000234856 6 -1
1137.66 2657.53 92.5655 126.261 0.000443778 6 -1
1173.49 2991.96 92.5655 227.299 0.000304262 6 -1
2009.57 1492.99 92.5655 85.2429 0.000240023 6 -1
2078.25 3117.37 92.5655 245.926 0.000328327 6 -1
1215.3 3063.62 92.5655 92.6163 0.000254628 6 -1
1436.26 2582.88 92.5655 75.0107 0.00027214 6 -1
1200.37 3284.58 92.5655 353.499 0.000267845 6 -1
907.739 1567.64 92.5655 34.6347 0.000277581 6 -1
1833.39 3174.1 92.5655 338.46 0.000355713 6 -1
2066.3 1475.08 92.5655 63.2492 0.000247396 6 -1
1919.99 1445.22 92.5655 302.828 0.000307071 6 -1
1310.85 3126.33 92.5655 277.638 0.000268285 6 -1
1484.03 2535.1 92.5655 350.196 0.000391059 6 -1
1355.64 3099.45 92.5655 140.685 0.000323955 6 -1
1433.27 3448.81 92.5655 278.499 0.000256746 6 -1
1430.29 2974.04 92.5655 17.2016 0.000280878 6 -1
1764.72 2433.58 92.5655 274.058 0.000458538 6 -1
1922.97 3045.7 92.5655 74.1943 0.000263628 6 -1
2045.4 2947.17 92.5655 275.706 0.000252771 6 -1
1361.61 3197.99 92.5655 333.68 0.000306521 6 -1
1391.47 2917.31 92.5655 295.457 0.000285343 6 -1
1905.06 2415.66 92.5655 294.194 0.000377622 6 -1
1824.44 3180.07 92.5655 339.842 0.0003745 6 -1
1922.97 2950.15 92.5655 257.299 0.000241241 6 -1
1421.33 2520.17 92.5655 260.786 0.000245816 6 -1
1361.61 3078.55 92.5655 133.891 0.000262524 6 -1
1460.15 2576.9 92.5655 80.0529 0.000430298 6 -1
1982.69 2971.05 92.5655 322.941 0.000270715 6 -1
1594.52 1961.79 92.5655 262.927 0.000217204 6 -1
1340.71 2980.01 92.5655 72.6637 0.000225284 6 -1
1800.55 3233.82 92.5655 111.671 0.000222598 6 -1
1167.52 3003.9 92.5655 259.094 0.000230597 6 -1
1510.91 3430.9 92.5655 228.63 0.00021878 6 -1
2018.53 1418.34 92.5655 247.657 0.000228495 6 -1
1696.04 3063.62 92.5655 61.2233 0.000222221 6 -1
1215.3 3203.96 92.5655 69.2505 0.000218913 6 -1
1242.17 3156.19 92.5655 20.7395 0.000219107 6 -1
2926.27 3338.33 92.5655 321.209 0.000221087 6 -1
1391.47 3326.39 92.5655 278.444 0.000226332 6 -1
1642.29 2965.08 92.5655 136.572 0.000230084 6 -1
1707.98 1955.82 92.5655 193.176 0.000201094 6 -1
2000.61 3090.49 92.5655 278.067 0.000208802 6 -1
1403.41 3344.3 92.5655 159.922 0.000201761 6 -1
1251.13 3359.23 92.5655 286.426 0.000215397 6 -1
1585.56 1958.81 92.5655 268.594 0.000201513 6 -1
1618.4 3212.92 92.5655 348.956 0.000204442 6 -1
1899.09 1382.51 92.5655 322.23 0.00020685 6 -1
1624.38 2039.43 92.5655 239.384 0.000209221 6 -1
1570.63 3099.45 92.5655 168.759 0.000202742 6 -1
1418.34 2971.05 92.5655 14.9328 0.000211598 6 -1
2024.5 3000.91 92.5655 94.3672 0.000200846 6 -1
1919.99 1346.68 92.5655 92.9711 0.000200652 6 -1
1641.1 3271.45 111.079 301.201 0.000249475 7 -1
2067.5 1476.27 111.079 60.5059 0.000288952 7 -1
1705.59 2450.9 111.079 264.676 0.000419594 7 -1
1243.36 2608.56 111.079 124.319 0.000651995 7 -1
1408.19 2533.31 111.079 248.458 0.000495699 7 -1
1687.68 2454.48 111.079 235.925 0.000284475 7 -1
1361.61 2601.39 111.079 91.1438 0.000584348 7 -1
1336.53 3296.53 111.079 58.0636 0.00027938 7 -1
1662.6 2465.23 111.079 261.899 0.000581272 7 -1
1920.59 1444.02 111.079 321.109 0.000285673 7 -1
1297.11 2612.14 111.079 75.307 0.000977647 7 -1
1257.7 2590.64 111.079 248.726 0.000492275 7 -1
1891.92 2465.23 111.079 73.2367 0.000794572 7 -1
1150.2 2590.64 111.079 262.878 0.000578813 7 -1
1985.08 2970.46 111.079 340.788 0.000250155 7 -1
1139.45 2590.64 111.079 229.469 0.000323597 7 -1
1372.36 2597.81 111.079 93.4608 0.000528761 7 -1
1791.59 3113.79 111.079 249.769 0.000385947 7 -1
1433.27 3447.02 111.079 277.087 0.000316476 7 -1
1408.19 2587.06 111.079 56.2492 0.00102314 7 -1
1236.2 2587.06 111.079 218.901 0.000510086 7 -1
1644.68 2966.87 111.079 105.373 0.000274862 7 -1
1390.27 2920.29 111.079 279.607 0.000328158 7 -1
1974.33 2443.73 111.079 48.9396 0.000679685 7 -1
1415.36 2909.54 111.079 205.857 0.00026277 7 -1
1039.12 1533.6 111.079 115.984 0.000535444 7 -1
1630.35 2468.81 111.079 265.158 0.000723343 7 -1
1322.19 2579.89 111.079 101.588 0.000684714 7 -1
1229.03 2633.64 111.079 96.6086 0.000643116 7 -1
949.543 1752.18 111.079 286.642 0.000596069 7 -1
1175.28 2647.97 111.079 48.6895 0.000745513 7 -1
1465.52 2572.72 111.079 61.937 0.00102396 7 -1
1737.84 2443.73 111.079 243.808 0.000913247 7 -1
1132.29 2658.72 111.079 132.492 0.000292916 7 -1
1358.03 3099.45 111.079 138.246 0.000324078 7 -1
1917 2407.9 111.079 282.487 0.000750201 7 -1
1508.52 3429.1 111.079 231.708 0.000294555 7 -1
1307.86 2561.98 111.079 241.398 0.000484515 7 -1
1221.86 2572.72 111.079 230.309 0.000798566 7 -1
1250.53 2569.14 111.079 252.082 0.000515376 7 -1
1895.5 2422.23 111.079 303.671 0.000615788 7 -1
1963.58 3031.37 111.079 67.612 0.000300974 7 -1
1279.2 2558.39 111.079 252.845 0.000608917 7 -1
1816.67 3070.79 111.079 358.657 0.000324003 7 -1
1322.19 2554.81 111.079 268.83 0.000674707 7 -1
1623.18 2472.4 111.079 265.435 0.000704499 7 -1
1562.27 3249.95 111.079 106.911 0.000323271 7 -1
1168.12 3006.29 111.079 246.24 0.00031394 7 -1
906.545 1573.02 111.079 33.9553 0.000390824 7 -1
1648.26 2956.12 111.079 158.989 0.000265953 7 -1
1594.52 2475.98 111.079 244.231 0.00040426 7 -1
1766.51 2432.98 111.079 275.313 0.00026329 7 -1
2873.71 2995.54 111.079 208.222 0.00038814 7 -1
1547.93 2551.23 111.079 110.789 0.000977712 7 -1
2974.04 3318.03 111.079 181.169 0.000484238 7 -1
1888.34 2411.48 111.079 275.96 0.000568071 7 -1
1802.34 3232.03 111.079 108.925 0.000273655 7 -1
1598.1 2540.48 111.079 70.1623 0.000900781 7 -1
1917 2429.4 111.079 57.0984 0.000779921 7 -1
1698.43 3063.62 111.079 63.4746 0.000250456 7 -1
2046 3117.37 111.079 238.05 0.000297371 7 -1
1300.7 2572.72 111.079 286.521 0.000667971 7 -1
1361.61 3199.78 111.079 343.135 0.000335099 7 -1
1831.01 3174.7 111.079 351.255 0.000438657 7 -1
1727.09 3346.69 111.079 248.652 0.000262529 7 -1
1583.77 2483.15 111.079 253.794 0.00106378 7 -1
1358.03 2540.48 111.079 241.439 0.000612723 7 -1
1540.77 2490.31 111.079 222.17 0.000877532 7 -1
1874 2407.9 111.079 257.329 0.000979919 7 -1
1071.37 2737.55 111.079 301.965 0.000278109 7 -1
1899.09 2443.73 111.079 41.4554 0.000458039 7 -1
1852.51 3206.95 111.079 32.4239 0.000274828 7 -1
1390.27 2529.73 111.079 272.65 0.000819115 7 -1
1644.68 2526.14 111.079 60.951 0.000575633 7 -1
1702.01 2508.23 111.079 84.551 0.000541288 7 -1
1171.7 2991.96 111.079 223.863 0.000284669 7 -1
1361.61 3081.54 111.079 134.291 0.000292895 7 -1
1637.51 2526.14 111.079 55.5577 0.00063452 7 -1
1164.53 3167.53 111.079 358.32 0.000284827 7 -1
1673.35 2522.56 111.079 72.0438 0.000316343 7 -1
2020.91 2959.71 111.079 293.282 0.000268333 7 -1
1304.28 2594.22 111.079 57.4543 0.000453758 7 -1
1264.86 2612.14 111.079 68.856 0.000427298 7 -1
1186.03 3017.04 111.079 235.892 0.000360613 7 -1
1619.6 3396.86 111.079 251.37 0.000258318 7 -1
1451.19 2515.39 111.079 263.513 0.000796087 7 -1
1963.58 2400.73 111.079 308.684 0.000583078 7 -1
2142.74 2339.82 111.079 273.359 0.000618398 7 -1
2164.24 2393.57 111.079 48.3208 0.000828986 7 -1
1254.11 2576.31 111.079 252.943 0.00056197 7 -1
1533.6 2493.89 111.079 228.743 0.00108881 7 -1
1748.59 2501.06 111.079 75.8222 0.000605309 7 -1
1942.08 2389.98 111.079 268.411 0.000376274 7 -1
1992.25 3009.87 111.079 62.5663 0.000340481 7 -1
1422.52 2551.23 111.079 185.201 0.000217377 7 -1
1315.03 3181.87 111.079 267.12 0.000235849 7 -1
2182.16 2357.73 111.079 349.095 0.000248176 7 -1
1483.44 2504.64 111.079 290.842 0.000220625 7 -1
2114.08 1444.02 111.079 41.1105 0.000243147 7 -1
1433.27 2977.62 111.079 323.1 0.000232003 7 -1
2010.17 1490.6 111.079 84.5042 0.000234629 7 -1
2046 2948.96 111.079 283.01 0.000242961 7 -1
1311.44 3124.53 111.079 241.201 0.000248506 7 -1
1444.02 3292.94 111.079 245.268 0.000247231 7 -1
1243.36 3156.78 111.079 35.6955 0.000249008 7 -1
2174.99 2329.07 111.079 304.827 0.000232481 7 -1
1182.45 3189.03 111.079 17.3694 0.000246858 7 -1
1214.7 3203.36 111.079 62.6421 0.000217939 7 -1
1992.25 2945.38 111.079 319.291 0.000219351 7 -1
2923.88 3339.53 111.079 319.747 0.000221868 7 -1
1483.44 2533.31 111.079 340.479 0.000231344 7 -1
1254.11 3149.62 111.079 45.874 0.000222119 7 -1
2003 3092.29 111.079 261.593 0.000202082 7 -1
1200.37 3285.78 111.079 350.175 0.00020912 7 -1
1451.19 3328.78 111.079 206.815 0.000213769 7 -1
1157.37 3160.37 111.079 354.672 0.000213365 7 -1
1788.01 3049.29 111.079 151.745 0.000211256 7 -1
1573.02 3099.45 111.079 108.91 0.000210936 7 -1
1899.09 1379.53 111.079 337.041 0.000202904 7 -1
1920.59 3009.87 111.079 83.4105 0.000211962 7 -1
1415.36 2927.46 111.079 160.419 0.000196927 7 -1
1709.18 1956.42 111.079 215.537 0.000195602 7 -1
