248 48 125 100 42 107 81 16 113 160 167 56 87 23 65 59 50 180 108 56 8 247 241 12 219 235 113 53 98 161 70 35
43 239 98 10 85 147 250 232 95 68 93 135 104 200 182 164 248 168 146 247 206 187 46 255 62 92 139 235 95 15 120 204
11 217 126 222 119 151 255 244 215 12 86 38 40 204 183 96 110 251 183 195 230 187 62 253 119 127 154 139 55 157 117 207
174 34 98 152 79 81 153 72 157 86 213 187 8 204 127 15 218 169 131 231 4 119 230 208 86 81 203 175 87 45 126 214
43 32 118 73 69 159 232 67 111 113 114 66 136 136 148 172 106 40 146 156 151 190 119 213 6 88 18 66 95 140 123 140
122 123 114 174 27 208 26 104 161 132 141 171 108 207 39 84 238 177 203 227 78 3 130 221 211 241 138 59 51 39 47 82
182 75 106 14 94 211 218 96 193 4 180 171 35 204 55 16 250 225 199 231 204 35 12 189 114 65 169 187 117 63 126 198
138 219 98 154 87 209 186 228 31 68 84 167 44 206 54 196 126 123 147 197 194 154 14 255 63 4 138 203 55 14 61 223
55 234 98 26 87 147 234 232 87 64 80 199 105 200 183 132 126 168 150 199 207 182 44 255 50 12 139 232 127 143 120 220
58 157 98 139 215 163 186 238 31 65 92 167 104 236 50 64 127 123 151 247 150 155 24 255 120 7 143 201 191 15 185 218
33 23 123 77 116 15 235 113 84 104 126 102 51 5 180 48 126 168 22 108 249 186 101 28 102 141 160 128 127 138 114 249
47 250 98 139 87 151 186 232 95 68 89 167 104 200 182 132 250 41 147 215 215 186 60 255 46 93 139 235 95 14 121 222
34 249 56 154 253 213 180 231 143 93 92 43 172 222 102 0 204 59 147 209 82 11 50 245 47 81 158 235 16 12 181 223
14 158 18 186 119 129 186 232 159 9 89 231 108 218 42 192 255 59 147 209 6 137 10 255 40 212 143 203 31 14 57 155
34 235 98 154 87 209 186 228 95 69 84 139 40 200 54 132 248 171 131 199 70 58 14 255 62 84 142 107 87 30 124 206
51 239 98 138 86 147 234 232 95 68 216 199 105 200 183 128 126 233 151 239 199 187 44 255 62 76 139 168 125 143 120 220
90 34 66 172 75 18 120 72 173 4 177 163 13 143 38 212 126 149 207 229 12 131 133 192 146 241 138 159 39 134 47 214
3 142 99 157 246 146 170 119 29 78 90 231 40 238 182 196 127 43 151 141 181 154 38 255 44 62 186 194 159 196 57 221
82 35 82 172 75 209 152 72 175 132 163 171 77 222 110 18 254 181 239 224 12 3 130 192 147 209 11 187 103 38 47 199
105 57 113 65 117 207 99 48 97 168 110 72 51 17 0 52 16 188 80 104 193 184 241 29 111 221 1 96 66 130 66 168
6 159 40 139 245 211 186 238 14 13 92 38 236 106 54 64 223 107 147 211 214 152 8 255 44 20 142 195 149 14 189 207
3 28 35 157 54 167 171 114 28 72 90 227 180 254 176 100 230 59 31 133 163 156 37 255 164 38 186 192 156 12 49 121
11 2 198 141 110 31 232 88 95 105 210 230 201 72 190 236 126 140 126 173 133 242 71 221 6 122 235 132 95 172 121 149
18 219 98 158 126 193 190 228 141 68 216 167 44 222 182 64 238 249 151 195 195 139 6 253 52 48 170 171 61 30 61 223
94 35 238 142 59 208 152 72 175 132 215 163 108 206 174 198 110 181 239 209 78 67 134 217 154 113 139 219 55 38 45 71
130 158 74 159 114 178 184 99 189 79 82 183 44 238 54 64 247 43 179 133 166 157 22 239 22 54 154 131 13 4 45 221
131 205 110 157 180 131 174 231 28 66 90 215 224 46 54 65 205 99 27 133 228 152 69 255 36 46 222 128 29 220 248 92
50 203 98 186 244 145 250 236 151 69 220 167 104 204 178 64 220 171 151 215 222 187 14 255 58 84 143 203 55 142 188 220
19 149 99 141 244 178 169 119 92 73 94 230 57 172 182 228 126 43 23 141 181 184 37 223 36 46 186 192 31 204 241 253
26 91 114 236 115 208 187 102 173 4 252 163 44 159 165 212 110 185 135 194 64 171 32 237 243 245 42 139 55 21 39 251
3 29 99 157 84 183 169 115 92 73 94 198 120 252 182 100 124 43 19 141 183 184 52 223 36 46 186 128 31 206 113 253
43 239 98 138 87 147 186 228 94 5 88 167 40 200 183 132 122 107 131 215 198 186 12 255 62 20 143 235 85 31 123 204
90 2 134 188 123 146 56 73 167 133 210 167 76 206 34 194 254 173 239 181 12 195 131 220 158 113 203 207 183 36 47 203
35 50 245 77 100 31 232 83 95 105 114 102 152 8 148 236 110 44 54 140 145 184 101 208 6 58 242 194 95 140 113 189
42 219 98 186 119 145 186 228 143 68 92 167 40 204 54 192 238 251 151 199 206 187 38 253 54 81 138 171 55 30 61 223
27 157 107 205 246 146 237 119 85 65 94 226 57 60 182 100 126 170 23 141 213 184 37 223 62 111 186 192 55 140 244 253
26 156 38 157 117 150 186 246 31 73 90 99 108 62 48 96 253 123 183 133 226 152 65 255 191 119 170 194 31 12 57 155
2 159 106 154 86 151 190 238 31 77 92 231 40 238 182 196 127 123 147 197 246 137 46 255 58 39 142 203 23 14 189 221
39 255 98 10 118 155 186 232 95 200 125 231 104 200 191 164 126 104 150 71 199 178 44 255 62 28 135 170 95 175 123 213
11 133 99 205 246 178 233 119 85 65 94 194 57 172 182 228 126 170 23 173 149 184 37 223 62 47 186 192 63 204 248 236
47 235 98 26 84 151 171 240 94 76 85 199 104 200 183 132 124 104 147 207 198 186 46 255 118 13 171 168 95 175 120 213
18 221 106 222 214 133 173 119 196 64 90 6 48 255 52 96 108 187 19 193 211 187 52 255 113 44 190 136 61 8 244 184
220 64 204 189 13 54 72 40 149 146 147 18 203 107 57 203 200 197 253 227 40 71 75 138 147 235 235 21 54 185 56 0
90 145 112 234 187 209 31 125 15 65 221 162 189 95 172 116 126 155 159 177 219 11 108 213 187 245 138 255 55 6 167 19
3 142 67 158 118 178 170 99 189 192 90 231 104 234 180 228 127 43 63 141 165 153 4 207 52 62 170 194 61 198 57 221
47 234 98 10 119 155 178 232 95 132 116 207 106 200 183 132 126 232 134 87 198 190 76 191 62 93 131 235 95 143 122 204
14 131 132 163 253 171 184 137 15 61 95 163 204 109 120 72 251 31 191 53 22 176 73 149 142 87 139 231 150 15 157 211
35 2 106 136 116 179 184 90 92 69 81 135 0 200 183 8 126 41 19 181 134 182 36 222 84 12 170 137 93 14 120 212
244 231 68 5 220 27 198 168 115 230 172 141 67 96 223 21 25 196 96 110 108 246 237 62 62 14 197 53 109 255 94 84
64 225 189 116 140 12 65 174 226 177 130 8 246 241 88 106 129 86 121 89 26 105 219 33 201 162 117 60 128 120 208 42
90 171 198 156 91 208 152 72 135 21 197 163 104 206 38 198 106 177 235 209 14 11 134 209 152 101 139 251 55 6 44 198
3 26 66 156 50 166 186 82 29 77 210 231 172 206 179 68 238 185 191 213 167 156 2 255 128 54 186 192 28 133 49 221
57 79 105 109 116 11 111 117 100 236 124 106 51 5 144 48 94 172 22 108 201 186 101 28 118 201 37 128 103 170 86 233
3 141 110 175 20 135 239 230 84 64 92 2 49 40 176 96 104 98 19 205 231 184 37 191 102 47 170 128 61 200 240 72
83 122 70 142 91 146 56 80 173 132 211 231 108 202 166 196 118 173 239 199 134 211 134 205 144 32 138 139 47 7 41 221
27 142 106 188 118 146 63 119 52 71 94 215 125 238 178 64 127 171 183 141 181 155 36 223 114 103 186 128 191 132 185 217
42 233 98 154 95 209 146 228 22 69 76 139 40 204 54 128 216 235 131 213 78 170 14 255 59 21 143 107 87 30 60 222
51 106 99 154 87 209 186 64 87 68 81 167 40 204 55 128 252 169 147 199 143 183 38 221 18 28 138 139 117 15 116 214
58 239 98 154 223 211 159 230 151 5 220 163 41 237 54 132 123 235 131 213 78 171 46 191 122 69 143 249 183 158 244 206
35 235 98 154 84 151 202 240 87 68 212 199 97 204 183 4 92 232 147 199 206 186 126 255 62 28 143 168 127 159 120 220
11 143 99 159 182 179 174 115 86 64 94 198 241 236 182 228 126 42 22 141 181 184 36 255 46 46 170 192 63 206 121 253
34 233 34 155 95 135 186 232 14 0 81 131 236 206 60 64 220 57 179 215 66 154 90 253 29 20 139 171 21 15 57 138
3 204 67 222 86 150 170 246 157 9 90 194 60 254 180 228 110 123 23 201 163 141 6 255 52 62 154 138 63 137 49 173
11 132 106 217 116 166 233 119 125 69 94 151 189 47 190 64 111 43 23 157 178 184 37 223 78 127 186 192 183 140 241 248
3 157 42 155 213 151 239 247 23 77 92 7 248 126 50 96 88 43 23 207 222 152 61 255 111 93 174 192 23 14 176 223
3 221 39 157 148 135 175 119 94 72 90 70 180 184 176 228 124 42 19 141 225 185 52 255 37 46 174 130 29 12 177 253
80 125 27 238 147 196 23 246 161 0 232 9 62 215 33 16 180 251 89 66 75 139 144 111 243 229 4 10 104 19 39 58
2 207 2 189 244 128 174 231 84 11 90 231 160 168 48 192 73 107 151 129 246 184 4 255 36 102 190 131 29 92 184 139
51 157 71 222 84 130 234 115 212 64 219 230 113 232 180 228 120 234 22 175 233 171 4 255 48 46 170 136 61 234 112 157
3 205 36 139 213 199 190 167 13 65 90 2 236 122 54 68 217 99 19 225 86 152 25 253 45 60 142 195 20 30 177 78
100 113 153 229 44 77 81 16 42 185 163 72 215 51 73 26 144 85 125 72 9 112 241 0 197 189 99 52 200 59 67 179
38 169 226 159 87 203 170 232 94 193 112 139 104 220 124 128 250 57 19 81 194 243 14 221 29 14 139 42 85 46 119 134
167 252 174 159 237 223 190 236 223 246 208 31 224 236 126 35 217 111 251 87 231 255 255 255 63 27 207 239 93 29 95 222
59 207 99 154 150 135 143 247 214 76 220 71 113 237 182 100 92 106 19 207 219 171 44 191 104 44 174 192 55 158 240 249
39 121 106 138 87 147 234 72 95 76 117 207 104 200 191 164 250 169 151 253 199 178 60 223 62 92 139 171 95 47 122 212
19 158 110 158 82 150 190 119 189 79 94 167 45 238 182 192 102 235 183 133 228 153 38 239 58 103 190 129 29 4 45 221
139 30 230 157 103 178 188 103 189 75 82 247 172 190 182 237 239 119 191 133 180 221 39 239 22 122 218 130 15 108 57 221
181 231 196 5 152 27 70 172 119 166 230 140 67 96 159 149 25 196 104 110 108 244 109 30 46 46 69 21 99 254 90 12
27 158 99 156 115 242 184 99 61 71 94 183 40 238 182 228 126 171 151 133 181 153 36 207 30 119 154 195 191 4 57 221
10 141 32 139 213 215 190 231 30 69 72 3 172 254 54 196 217 107 147 209 82 152 24 255 45 28 142 67 150 30 253 206
33 50 81 81 116 175 233 119 116 41 114 116 177 17 144 53 62 44 22 12 177 188 113 95 68 142 48 192 77 136 66 169
3 221 99 138 212 133 238 231 29 64 88 67 96 252 60 96 250 107 19 199 211 186 26 255 60 28 142 202 29 14 176 159
35 235 98 154 87 149 186 224 223 68 117 135 40 200 183 4 250 169 19 207 198 187 62 253 54 24 139 171 95 15 121 222
155 207 111 222 62 146 239 246 149 72 222 198 121 239 176 229 110 226 31 239 235 137 47 255 242 43 170 128 63 159 112 121
3 223 106 141 118 183 186 247 28 73 90 231 60 188 182 224 254 43 151 133 135 184 36 255 36 60 186 130 29 76 57 221
243 217 71 252 14 147 76 249 133 88 150 234 107 215 176 231 110 160 127 238 233 71 47 221 178 122 197 158 62 188 112 125
39 183 97 235 252 133 222 253 15 121 153 239 193 238 252 64 223 155 63 151 159 18 79 183 174 220 191 252 189 202 208 213
10 141 34 139 215 211 190 239 15 5 92 163 172 126 182 228 123 123 147 209 86 152 45 255 46 84 142 195 151 30 189 206
122 95 106 174 22 130 95 240 133 68 254 167 107 207 179 64 126 241 157 230 200 163 36 237 242 233 170 153 55 191 116 89
39 250 98 26 119 147 186 224 95 72 121 167 104 200 182 160 254 169 150 247 199 186 46 255 58 92 143 235 93 15 122 221
173 247 117 71 244 31 238 188 125 234 127 100 211 120 156 164 31 76 22 110 225 180 109 175 46 254 37 132 79 187 210 165
11 89 103 158 110 208 191 245 172 72 222 167 44 222 183 228 110 121 63 207 195 139 166 253 48 121 174 136 31 183 49 253
90 114 127 97 35 127 120 87 41 253 54 253 31 23 206 159 166 21 221 48 131 213 177 192 215 217 48 167 106 132 143 123
6 132 13 219 148 231 233 137 30 49 87 18 208 126 60 232 89 27 59 185 51 16 121 215 13 31 155 196 148 75 208 32
26 150 98 101 51 242 57 119 53 79 94 183 73 175 182 228 55 63 151 161 180 152 37 207 106 111 186 195 167 196 173 255
213 236 157 231 140 38 70 140 82 178 130 8 247 115 73 74 17 70 104 122 10 68 203 34 201 170 213 60 128 113 64 40
60 91 126 238 62 2 95 240 132 132 222 167 115 223 179 66 126 240 29 235 200 131 8 44 242 233 171 153 53 187 116 123
58 221 35 220 189 212 223 247 213 75 216 66 40 188 180 228 204 242 151 129 251 171 54 255 51 126 158 138 23 220 244 125
3 143 10 159 244 163 190 231 30 73 88 231 164 234 182 64 223 107 19 133 54 152 78 255 44 54 190 203 28 72 185 159
104 185 121 96 254 237 241 215 235 125 60 41 159 157 198 48 166 27 215 17 146 42 226 209 223 221 48 255 196 202 135 251
122 3 98 172 123 146 154 104 165 4 213 163 105 207 166 212 126 177 207 229 12 131 6 204 146 113 138 155 55 166 47 199
81 158 189 53 48 142 57 23 60 109 94 245 191 39 130 112 7 55 92 28 129 152 97 15 232 231 56 208 168 128 133 121
57 205 109 188 60 193 206 231 196 64 216 3 51 136 52 96 202 226 31 207 73 43 84 61 242 233 174 24 61 24 240 216
10 182 177 177 227 105 177 207 58 55 25 185 140 62 72 10 167 27 243 17 18 88 139 210 205 22 95 231 196 68 135 195
252 104 184 118 40 76 83 24 242 190 167 8 215 215 73 58 177 212 108 90 8 101 234 0 211 201 97 61 96 179 70 35
212 4 158 189 44 106 81 2 180 190 211 51 215 115 33 75 115 245 125 35 40 213 129 10 209 163 251 145 164 249 53 35
57 235 106 14 116 151 234 88 87 8 117 231 105 200 191 164 126 168 22 239 207 178 12 223 54 13 163 136 127 142 122 141
63 83 98 142 78 145 251 112 197 76 221 231 105 204 191 0 126 169 151 231 196 179 46 221 82 73 171 169 119 175 118 213
38 145 106 139 215 213 186 237 15 69 93 131 72 220 62 196 250 27 147 215 214 58 60 245 63 28 139 239 149 14 253 214
13 149 105 67 246 159 255 181 84 109 93 230 217 77 158 32 62 90 23 255 243 184 125 255 110 77 175 196 127 143 209 241
41 157 115 125 116 239 97 55 125 73 126 84 190 51 164 116 148 58 22 8 177 184 48 79 231 190 48 64 74 192 194 185
35 34 199 13 124 27 232 72 79 233 82 230 129 8 180 228 122 140 54 173 133 248 71 220 6 56 235 132 125 172 121 133
51 234 98 154 84 147 234 232 87 64 208 199 97 200 183 160 122 168 23 207 207 191 46 255 50 76 139 168 125 143 120 220
137 149 127 89 244 239 237 55 124 75 126 116 177 21 180 37 23 58 22 8 243 188 49 95 111 143 50 192 90 128 197 249
128 159 107 221 54 162 171 51 20 8 94 242 245 55 176 97 126 58 63 169 177 152 37 63 100 46 170 192 53 136 49 57
90 49 123 236 27 210 18 72 165 68 229 163 15 223 38 80 254 185 223 226 76 3 48 220 211 241 138 59 115 7 39 114
58 217 98 158 95 193 190 244 141 64 208 167 41 206 54 192 110 185 147 195 195 11 22 253 53 64 138 171 63 158 53 216
18 219 96 184 126 129 158 254 150 64 88 231 45 206 178 192 94 187 151 197 199 10 6 255 176 4 186 200 61 156 189 221
1 34 81 81 116 175 233 55 124 41 114 84 176 1 148 172 43 44 6 28 179 188 101 95 12 30 50 64 205 136 65 169
11 133 106 185 118 172 249 55 61 77 94 19 189 47 50 96 106 43 23 141 178 184 36 247 79 127 186 192 55 132 241 232
82 99 106 172 27 208 154 72 143 132 133 171 77 206 46 82 126 177 235 225 78 3 134 221 210 225 139 187 53 134 44 70
3 30 10 157 82 178 184 99 188 71 91 183 108 238 54 64 247 47 147 133 181 156 4 223 4 38 186 192 29 4 57 221
122 233 58 238 27 193 19 192 167 12 165 11 46 223 97 80 232 249 233 194 74 11 170 253 211 245 10 59 51 7 39 106
26 89 106 222 70 147 254 117 215 4 84 130 40 221 55 64 110 187 179 195 198 187 38 253 115 43 138 139 55 156 117 203
3 12 34 137 117 247 186 66 93 77 91 19 140 140 54 96 254 41 147 149 150 184 36 223 7 126 138 195 150 15 53 215
122 105 34 170 27 209 18 72 135 4 129 139 44 206 103 208 232 177 235 209 78 3 138 209 147 113 139 123 51 14 44 70
3 142 35 157 118 178 168 99 60 77 90 247 104 238 182 68 127 43 183 133 181 152 38 223 12 54 186 192 21 132 57 221
49 5 107 169 20 167 169 115 68 65 90 71 17 12 178 96 120 43 23 53 157 184 117 28 192 141 170 192 125 138 112 216
43 235 98 26 119 147 186 232 95 68 81 231 104 204 183 164 126 105 146 199 198 182 46 255 54 92 139 171 95 143 121 221
114 99 98 168 75 83 152 72 165 132 177 139 9 143 38 16 254 189 207 225 12 3 128 204 147 241 138 191 55 134 46 198
130 235 18 202 127 145 186 200 143 5 85 163 236 202 126 132 254 89 131 211 66 42 10 245 56 16 139 235 23 31 61 142
38 233 2 138 93 133 186 224 143 12 209 11 108 200 117 196 248 57 147 195 70 43 26 253 21 80 139 187 23 15 121 142
50 201 98 186 93 129 154 228 151 4 208 135 41 206 54 64 88 251 147 215 94 138 94 253 59 84 143 107 21 14 60 222
130 219 98 154 95 209 186 228 151 68 84 135 44 206 54 64 254 59 147 195 198 154 26 253 55 20 138 203 23 28 61 222
58 235 98 154 95 209 138 228 151 69 212 171 41 205 54 132 88 234 131 213 78 171 46 255 122 71 143 251 55 14 60 206
2 157 40 139 116 151 250 240 15 76 93 39 248 216 190 96 216 43 23 197 198 152 127 253 111 93 138 194 21 14 116 207
57 95 121 101 116 159 111 117 101 108 126 100 59 5 144 48 94 172 20 108 233 186 101 15 102 205 32 128 111 138 214 249
35 234 98 26 85 147 170 232 87 132 113 143 40 200 183 132 120 168 130 199 198 178 14 255 62 28 131 107 95 15 122 204
11 140 99 221 20 195 235 226 84 64 90 2 49 248 48 96 120 106 19 201 179 184 36 255 97 46 186 192 53 137 112 104
145 133 71 220 52 2 239 115 212 64 219 214 113 224 180 97 122 166 54 173 249 187 36 79 48 46 234 128 45 232 240 181
122 115 114 238 27 129 26 64 129 4 173 171 111 207 43 80 252 185 205 226 76 3 18 221 211 225 139 59 51 39 46 66
19 141 107 205 182 242 169 119 84 65 94 226 49 44 182 96 126 42 23 141 209 184 37 223 50 46 186 192 53 200 244 253
3 149 99 141 52 183 232 119 92 65 95 198 249 232 182 228 126 42 23 173 181 152 53 223 46 46 170 192 29 142 249 221
35 232 98 154 85 147 234 232 87 68 80 135 32 204 183 132 216 168 147 199 206 190 108 255 54 28 139 235 95 15 120 222
62 159 98 186 87 179 187 248 23 69 221 167 104 207 63 192 126 187 151 215 130 155 62 255 25 69 139 203 55 143 53 249
163 235 99 154 84 149 170 240 222 76 81 199 32 204 183 0 124 40 147 207 198 190 46 255 118 12 171 168 93 143 115 221
34 219 106 186 95 209 190 228 143 12 88 167 44 204 50 64 238 187 151 199 198 186 66 253 118 81 138 171 21 30 61 219
2 91 78 156 106 128 184 64 173 76 84 167 172 207 39 73 238 57 151 199 70 139 2 249 22 48 202 139 21 5 45 217
41 50 119 65 116 159 233 83 125 105 114 246 153 5 148 172 126 12 22 140 145 184 101 213 6 26 50 192 111 136 98 189
35 249 98 154 85 149 187 224 222 68 80 135 40 200 55 0 248 41 147 199 198 186 30 253 60 28 139 43 93 15 121 222
3 149 99 205 247 182 169 119 93 73 94 102 168 168 182 228 126 42 151 141 151 184 53 223 46 62 186 192 31 140 249 253
3 133 99 205 118 179 168 119 93 65 94 146 56 172 190 100 126 42 19 173 149 184 53 223 46 62 154 192 159 142 240 252
34 249 34 154 95 209 178 230 143 85 76 143 40 220 118 4 200 59 147 209 86 43 50 245 63 20 142 107 87 14 255 222
131 30 71 220 86 166 170 114 156 0 218 86 48 234 181 96 110 41 19 141 165 141 20 255 16 46 170 136 61 137 49 141
33 34 101 73 116 159 224 90 127 105 114 102 176 8 148 172 126 12 54 29 135 252 69 221 12 62 178 64 127 140 88 173
35 235 98 154 93 149 202 228 87 76 80 199 32 204 183 132 92 232 151 207 206 186 126 189 54 28 139 168 95 30 112 220
19 18 70 141 66 146 184 64 173 192 211 231 108 202 182 204 126 173 191 133 133 211 7 205 20 32 234 130 45 134 57 149
35 232 98 154 87 129 186 232 95 68 80 135 40 204 54 0 254 41 147 199 198 190 14 255 58 92 139 171 95 15 121 222
19 142 106 191 82 178 57 115 52 71 95 247 121 238 178 64 126 171 23 141 181 153 36 207 114 47 186 192 61 132 177 217
3 7 67 141 114 162 168 115 61 73 90 246 104 230 180 228 118 47 22 173 181 153 5 207 52 62 186 192 13 230 177 221
34 233 98 26 95 209 146 228 143 68 100 139 40 204 54 132 200 171 131 71 70 43 110 253 63 21 139 107 87 15 126 206
185 93 123 109 116 207 111 55 116 104 118 102 51 21 144 49 94 168 22 108 249 184 101 31 103 233 32 128 127 136 194 249
42 177 48 202 253 197 185 239 143 93 28 41 172 158 110 36 143 27 151 17 210 42 114 245 111 92 30 255 150 14 133 223
27 135 98 205 182 178 233 119 85 65 95 198 121 172 190 100 126 171 23 173 191 184 37 223 62 111 186 192 63 142 241 253
27 150 98 157 119 242 184 99 61 69 95 183 104 238 182 228 126 175 151 133 180 153 36 207 58 127 154 195 183 132 61 221
90 35 102 140 123 208 26 104 175 4 209 163 108 206 38 86 238 185 239 195 14 3 134 217 146 112 139 139 23 38 47 199
190 235 98 26 95 153 250 232 87 4 112 135 107 200 183 128 122 168 130 87 198 190 46 191 54 77 139 43 119 15 126 206
3 149 99 137 84 182 169 119 92 65 91 210 248 252 182 100 124 43 19 173 181 184 53 223 45 46 186 192 29 140 241 252
35 248 98 154 87 149 186 232 95 68 84 135 40 204 55 132 248 41 147 215 198 190 62 255 54 28 139 107 95 15 121 222
58 97 42 170 29 213 211 72 135 140 181 11 170 204 119 0 216 169 207 103 78 35 202 157 211 81 137 187 87 14 126 198
59 232 106 26 93 145 250 224 215 4 84 131 40 200 55 132 248 168 147 199 198 191 14 255 50 93 139 107 87 15 122 206
34 235 34 154 87 209 186 236 31 69 92 139 40 204 118 132 248 107 131 213 70 58 14 255 60 20 159 107 87 30 61 206
90 34 134 172 91 146 56 73 175 148 210 167 44 206 34 210 254 189 239 245 14 131 131 221 154 113 203 219 55 6 47 207
82 35 102 140 91 210 152 72 167 4 198 163 104 206 38 194 110 189 235 145 14 3 134 221 146 112 139 251 55 6 44 198
10 158 18 188 85 247 58 51 29 77 90 7 172 190 50 64 196 59 151 129 22 152 16 255 231 119 154 195 150 12 61 219
17 221 106 254 86 132 175 247 132 0 94 6 49 211 48 96 108 186 19 201 195 155 18 127 113 45 190 136 61 154 176 184
2 159 32 139 116 151 186 236 14 69 88 7 236 74 62 64 223 75 147 245 135 152 121 255 44 20 143 199 157 14 53 223
92 34 223 97 34 106 112 3 41 183 163 249 79 55 64 26 167 149 237 0 24 221 129 0 215 231 112 241 224 129 7 35
3 128 42 153 54 230 169 83 60 73 86 211 156 158 54 104 246 61 55 157 183 156 37 223 69 47 186 192 148 4 49 215
59 4 110 236 30 179 203 122 133 65 221 2 121 219 178 100 122 169 31 173 155 131 52 223 210 205 139 208 63 138 48 48
9 152 83 89 116 175 233 55 124 73 114 84 177 19 128 104 7 42 22 8 179 188 113 87 68 190 50 192 200 136 65 185
39 235 96 2 93 159 194 216 83 236 244 207 34 200 214 148 88 232 194 255 206 58 204 191 62 92 133 123 95 143 90 204
138 214 62 217 36 221 189 119 253 91 118 53 188 28 182 97 174 51 159 129 242 173 34 213 102 123 122 195 92 4 233 223
24 143 106 237 182 146 127 119 101 68 126 162 57 47 182 100 110 170 23 136 216 184 37 173 103 237 162 128 119 140 244 233
18 158 2 253 21 167 186 246 30 9 90 67 172 60 52 192 252 187 151 129 163 184 65 255 164 103 170 194 29 12 57 155
100 161 148 230 173 10 70 169 98 186 171 8 210 113 72 210 209 196 104 122 88 66 203 0 169 183 69 125 128 99 218 2
161 227 140 47 188 159 230 253 95 249 242 93 226 232 222 33 216 110 110 109 245 248 207 189 174 26 101 244 76 184 219 141
31 205 66 186 151 147 154 238 151 1 216 131 104 255 56 196 127 235 151 215 22 155 10 255 58 70 143 202 191 15 184 154
19 159 67 141 22 162 238 119 116 192 218 230 113 230 180 228 118 175 30 173 253 153 37 207 48 46 170 128 45 230 49 92
45 228 97 71 116 31 238 188 125 234 123 76 211 104 156 164 91 204 86 110 237 180 125 47 46 254 37 196 79 187 82 229
2 221 99 219 214 195 239 246 23 69 92 131 113 253 52 100 127 106 19 207 211 152 60 255 109 14 143 192 55 158 180 248
70 4 132 149 173 46 168 2 173 187 155 16 206 58 89 207 193 21 253 1 24 197 195 192 133 114 219 150 130 109 17 4
26 221 39 190 157 208 142 231 156 66 218 2 169 254 52 192 201 123 147 129 109 169 50 255 163 119 158 137 23 92 252 218
243 82 71 220 108 66 77 119 13 122 210 206 42 12 180 239 110 181 191 140 201 255 247 221 150 58 250 146 63 188 112 125
27 222 103 222 126 150 239 244 213 66 214 198 121 239 179 229 126 227 63 239 233 143 62 255 242 107 234 136 63 191 112 125
183 252 110 191 236 255 183 232 222 118 208 63 241 252 127 43 251 111 123 103 230 247 255 191 255 11 255 191 69 121 127 222
11 158 230 159 247 182 190 103 189 71 90 247 236 238 54 204 231 127 187 133 180 217 6 239 22 126 218 194 143 69 169 221
14 35 66 161 253 187 186 216 143 173 159 163 205 205 251 64 126 61 255 241 18 17 9 208 222 85 171 247 151 175 29 195
109 107 224 71 205 123 231 152 99 228 255 141 67 109 215 156 24 236 226 110 140 178 253 8 126 28 133 53 239 255 94 212
184 221 59 126 177 213 87 247 181 78 125 48 126 127 46 117 189 243 149 98 233 175 56 191 243 255 52 139 114 86 230 251
131 10 42 156 96 132 184 64 156 76 80 151 172 206 55 73 238 41 147 199 166 158 2 233 4 48 218 138 28 5 49 219
17 143 107 237 182 130 173 119 116 65 94 226 49 46 182 96 110 171 23 141 208 152 37 127 124 45 186 192 53 136 241 105
35 50 103 73 100 159 232 80 109 105 114 198 184 12 148 172 110 8 54 29 147 188 101 208 4 56 178 192 95 140 81 189
130 217 42 154 95 197 186 228 158 68 80 131 40 222 54 65 204 59 147 199 71 158 50 253 53 16 154 107 21 28 53 222
114 34 98 172 58 209 26 72 133 4 209 163 13 206 166 208 254 177 207 229 12 3 134 220 146 241 138 187 53 166 46 215
175 106 224 25 69 189 232 64 91 134 117 223 136 136 215 140 76 232 146 31 132 246 196 162 6 93 208 169 207 253 90 132
3 149 107 201 52 226 169 119 84 65 94 114 208 60 188 96 123 59 19 169 147 184 37 223 109 46 186 192 149 138 241 233
10 28 18 186 85 246 186 99 29 77 75 23 172 190 50 64 252 59 147 129 54 152 48 223 39 119 154 67 152 14 61 222
82 34 78 136 75 144 56 73 175 132 212 167 12 206 34 82 254 189 239 229 14 3 131 213 146 113 139 251 55 6 47 199
58 249 34 186 95 197 158 230 135 4 200 3 40 223 54 64 232 187 147 209 74 11 26 253 59 69 142 107 55 30 180 218
7 20 35 139 87 246 186 67 93 69 91 19 204 222 62 224 255 43 147 149 150 153 52 222 15 126 154 195 150 79 53 215
42 219 98 168 95 193 191 230 135 4 220 163 40 205 54 0 238 187 147 193 66 43 2 253 119 69 138 171 23 30 181 218
10 219 34 154 94 133 187 244 30 68 80 167 44 206 54 64 126 57 147 199 194 138 14 253 112 20 138 202 23 30 53 221
3 132 35 189 22 162 168 99 52 65 91 215 233 174 50 96 118 47 19 133 181 152 37 207 36 38 154 192 189 68 177 220
43 217 98 140 95 213 190 244 141 64 220 199 44 222 54 196 238 187 147 199 199 11 18 253 51 24 138 170 31 30 57 220
35 233 106 155 87 209 186 224 95 68 80 131 40 204 55 132 122 169 147 199 198 186 46 253 54 88 139 43 85 15 125 204
163 235 99 154 92 197 170 240 214 68 80 207 32 204 55 0 124 40 19 207 199 58 46 253 53 8 139 168 85 159 117 220
152 212 110 253 166 6 125 55 52 67 94 151 125 47 176 65 119 182 157 168 248 156 17 143 227 231 254 128 38 248 188 90
58 233 34 154 93 209 146 228 207 68 212 11 40 204 118 0 200 43 147 195 70 43 58 253 59 81 142 123 87 30 252 206
33 2 85 73 100 155 232 19 108 57 114 230 145 8 148 236 110 44 38 156 133 184 101 196 4 56 178 192 77 136 97 173
50 249 34 154 95 209 151 228 135 69 196 139 32 220 118 4 200 187 147 193 78 43 58 253 59 0 142 123 87 30 188 222
54 137 106 138 86 181 186 200 151 4 221 131 104 206 55 64 126 187 151 199 138 147 42 253 115 77 139 168 53 143 60 218
3 135 99 141 116 6 175 119 100 72 90 198 241 36 180 100 126 46 22 173 209 152 37 79 36 46 170 128 13 162 177 253
114 99 107 236 27 193 90 72 129 140 245 171 75 223 38 16 248 185 221 226 76 3 0 157 211 225 169 187 113 43 38 66
186 233 98 186 93 209 155 228 151 68 212 139 41 204 118 1 104 249 131 199 78 59 14 189 115 65 136 107 119 29 126 222
18 14 215 177 194 98 188 71 60 23 82 179 12 46 160 73 103 63 131 129 48 220 4 194 20 38 250 131 165 68 165 203
56 249 57 106 120 193 83 228 163 12 124 40 63 215 32 48 130 187 133 64 74 43 42 61 251 213 36 235 82 146 198 171
114 97 106 168 27 209 26 72 135 4 129 139 45 206 39 80 248 177 235 225 14 3 130 221 147 225 139 59 53 2 46 198
9 156 19 121 113 238 105 55 124 73 110 84 189 51 160 244 21 58 18 8 177 184 49 31 109 254 48 64 74 128 193 185
120 249 58 106 123 213 83 228 131 12 244 41 62 223 34 16 200 185 133 66 74 43 42 61 243 197 32 123 114 19 38 43
56 89 122 110 37 220 95 116 237 72 126 12 63 31 39 49 174 177 149 106 201 169 48 173 243 249 32 19 106 146 78 91
3 133 106 201 22 242 170 103 92 65 91 146 217 172 190 96 122 11 23 173 151 184 53 223 14 47 186 192 157 78 241 204
34 177 56 138 253 213 146 239 11 77 157 45 172 220 110 36 157 27 151 17 151 42 250 247 63 84 28 251 219 14 159 223
1 34 71 89 100 155 232 82 111 57 114 102 168 24 148 236 110 12 54 157 151 188 69 208 4 56 178 194 95 140 89 141
19 50 70 140 74 130 184 80 172 76 211 231 76 202 190 192 126 173 255 229 132 145 134 192 20 32 170 138 45 7 43 149
34 249 49 154 253 213 150 231 143 77 152 47 44 220 102 132 140 59 151 81 214 43 122 245 59 84 30 251 90 14 159 223
56 249 105 234 125 205 83 252 3 100 252 43 51 93 10 48 216 152 151 98 75 42 120 61 243 205 161 125 119 154 86 250
35 249 99 154 124 213 202 228 151 72 80 199 32 204 182 132 204 104 19 199 199 186 126 189 62 28 139 170 85 15 112 222
3 151 98 141 119 182 168 119 125 73 94 246 168 42 182 228 126 43 151 173 151 152 37 223 46 62 154 194 31 140 185 221
35 233 34 154 93 213 186 228 158 68 84 3 40 204 54 0 216 41 147 199 70 58 26 253 55 16 138 107 85 31 125 222
34 122 34 138 93 149 154 96 141 12 209 47 44 200 55 132 200 169 147 195 70 35 10 253 51 80 139 187 23 15 61 143
152 78 127 239 38 2 127 54 53 2 94 178 63 47 177 99 102 246 29 206 232 156 37 175 226 235 246 128 39 240 100 57
35 248 98 154 127 209 186 224 223 68 112 175 40 220 55 164 250 169 147 199 198 190 14 253 22 92 139 171 127 15 126 222
131 192 41 159 20 196 233 156 22 65 84 82 240 94 56 96 88 10 19 205 163 158 127 255 5 46 186 192 21 136 112 232
76 119 121 101 240 14 127 184 57 172 126 108 223 39 137 16 150 220 109 106 192 176 233 78 239 255 37 132 98 178 70 121
10 221 42 155 215 211 182 231 30 69 72 3 172 254 38 64 249 123 147 209 86 152 56 255 63 87 159 99 148 30 189 222
59 5 98 234 22 163 201 89 5 65 223 130 91 95 178 100 120 160 31 185 153 131 53 220 243 237 138 208 63 142 112 112
118 99 122 236 27 193 26 104 133 4 253 171 111 207 43 80 122 185 205 226 72 3 2 157 211 225 139 187 49 35 46 2
19 205 0 170 150 131 142 238 30 1 88 2 176 248 52 192 249 107 19 199 87 24 24 255 40 12 142 64 29 14 177 136
184 93 58 238 49 222 95 116 173 76 118 0 62 31 34 53 164 177 149 106 232 173 48 237 243 249 0 3 82 150 102 123
135 255 235 67 246 39 175 223 118 233 95 246 209 108 223 36 63 74 22 255 179 248 45 126 108 14 175 196 237 211 241 245
35 233 98 154 79 209 186 224 207 68 80 143 40 204 55 0 126 169 147 199 198 43 14 253 50 89 139 171 87 31 113 222
26 157 122 186 183 208 184 103 173 1 94 19 44 250 54 64 226 43 151 129 86 137 18 247 123 253 154 203 23 4 169 143
11 205 32 186 85 133 186 236 22 1 88 135 40 206 48 64 222 107 19 197 198 154 26 255 108 94 158 202 29 14 177 158
3 221 33 219 213 215 239 238 23 65 76 2 56 223 52 100 249 250 19 217 211 152 57 255 47 14 158 64 19 10 244 238
10 203 105 203 84 133 250 248 14 65 89 2 248 205 56 64 94 10 19 215 131 184 93 253 111 28 138 224 20 143 112 168
3 156 14 189 52 166 186 50 28 9 90 67 188 58 50 64 236 59 31 133 166 156 1 255 228 62 186 194 28 8 57 155
56 81 123 236 91 215 83 112 133 68 229 10 127 223 35 48 248 185 149 226 73 163 48 157 243 233 0 27 115 35 102 242
97 184 24 81 113 157 112 39 107 97 104 88 190 146 68 176 128 63 66 24 151 122 208 69 15 189 16 106 72 0 203 142
173 252 101 71 180 31 238 184 125 234 122 68 219 120 157 164 91 204 126 111 237 244 125 175 46 254 37 132 111 250 90 181
35 233 99 154 93 213 171 224 86 68 100 15 48 204 55 36 120 168 19 207 198 186 126 253 117 28 139 40 87 15 118 252
11 34 101 73 100 157 168 82 109 121 114 70 136 136 212 237 110 44 54 157 151 184 101 208 6 56 146 192 95 140 121 189
3 134 35 157 118 178 169 99 60 77 90 247 232 238 182 68 119 47 179 141 181 156 36 207 4 54 186 192 149 4 53 253
58 233 98 138 95 209 150 228 135 68 244 139 32 204 55 132 104 232 131 195 78 43 46 253 51 0 138 59 119 31 126 222
31 88 111 252 46 150 239 240 133 192 222 198 121 255 183 228 126 229 63 239 201 147 63 253 243 239 235 128 63 191 49 117
129 255 30 55 188 15 244 253 126 250 114 127 246 248 158 33 191 78 126 111 245 252 95 127 188 42 119 128 76 184 217 141
10 218 178 190 101 244 188 247 189 95 118 53 172 190 54 72 231 51 179 1 198 45 50 241 71 127 90 139 82 84 173 223
252 98 252 100 44 11 81 24 226 190 181 8 83 195 201 27 24 212 108 106 8 103 234 8 211 201 97 61 96 179 70 35
145 132 79 221 86 162 169 115 52 66 94 242 17 55 176 97 126 62 55 169 177 156 37 78 64 171 250 192 45 200 176 176
88 217 58 236 51 192 21 103 164 4 238 163 63 151 34 81 162 179 205 192 72 139 48 109 243 225 46 11 48 16 165 123
113 32 123 68 53 91 66 64 97 168 183 8 3 9 149 54 24 164 76 104 12 167 228 200 19 248 1 57 99 171 94 4
66 179 144 161 178 140 57 23 43 13 106 237 175 167 72 16 182 31 205 20 18 24 128 67 172 244 58 230 128 2 131 57
2 157 34 187 245 205 187 247 31 77 89 23 172 252 56 64 217 59 19 5 210 184 90 247 237 95 158 66 16 14 145 210
70 181 199 205 218 230 111 223 55 193 202 194 81 247 136 116 127 254 123 188 25 218 251 222 61 190 135 196 160 226 166 240
59 202 67 154 94 145 238 246 23 64 80 199 41 142 182 228 110 171 23 205 199 154 6 255 52 76 154 136 63 156 48 220
34 233 106 138 95 193 186 228 143 68 212 139 40 220 54 0 232 233 147 199 70 43 30 253 119 24 138 43 85 31 125 222
46 177 48 202 253 213 154 237 15 77 61 43 44 220 110 32 220 27 151 81 214 42 120 245 59 92 141 255 87 14 151 215
38 183 49 202 245 181 155 223 11 109 121 109 140 220 126 164 159 27 151 21 146 58 122 247 47 92 13 238 223 79 195 215
162 233 42 154 93 193 178 228 158 68 64 3 32 220 54 1 200 41 147 195 102 62 122 253 55 17 138 43 85 29 116 206
146 34 10 169 10 128 185 64 36 37 194 167 165 135 66 72 110 141 239 149 10 157 193 64 212 225 186 193 37 0 45 218
3 34 70 9 100 155 232 82 110 57 114 230 168 8 150 236 110 12 46 29 135 184 69 208 4 56 178 192 93 140 121 141
146 149 122 188 246 208 188 103 157 5 80 179 45 190 182 65 230 59 151 129 246 13 6 223 242 97 154 203 53 4 173 203
27 157 111 253 182 214 255 119 76 73 94 6 57 31 178 96 110 35 23 141 211 184 53 253 103 237 170 192 63 140 241 251
19 132 106 171 54 226 234 123 84 65 91 114 209 104 188 96 123 11 23 185 151 184 37 223 108 111 186 196 189 202 177 129
47 52 232 67 246 61 251 216 91 127 125 190 25 237 223 44 63 217 151 159 151 118 237 242 78 93 191 236 231 223 215 245
3 141 98 221 244 128 238 119 69 1 90 198 57 171 180 64 106 171 23 141 211 184 4 255 36 44 170 192 61 136 241 152
6 20 43 186 117 246 186 99 220 73 91 19 252 252 60 192 251 59 147 177 147 177 56 223 13 55 138 195 148 79 53 243
34 217 107 200 94 197 191 231 132 0 220 162 56 159 52 96 126 187 19 193 195 171 32 255 113 13 174 200 21 26 181 187
37 195 97 73 244 159 239 253 87 73 120 70 17 64 188 164 92 136 18 254 211 184 125 223 45 28 165 68 95 138 208 180
39 164 226 193 245 183 234 218 87 225 125 2 9 201 253 172 123 136 151 189 151 178 44 210 30 92 131 228 247 207 120 164
131 157 99 207 215 150 172 119 93 73 90 86 40 58 180 228 110 43 19 133 247 184 53 255 38 124 154 194 31 140 249 205
114 35 106 140 74 129 152 72 175 164 212 163 12 206 38 80 238 185 239 229 10 3 194 209 208 33 170 187 21 6 63 195
171 217 34 138 93 149 158 245 141 72 220 6 40 158 54 164 204 187 147 197 199 43 50 253 51 88 142 170 31 30 185 223
33 249 121 73 118 207 243 244 86 96 116 10 16 149 164 32 62 56 19 106 195 186 56 63 127 141 37 100 127 154 86 251
131 133 103 223 182 144 172 55 220 73 94 82 169 10 180 229 110 35 31 141 247 184 39 223 38 123 250 192 63 140 249 141
19 18 199 137 22 2 168 81 124 65 83 246 153 134 180 236 126 141 62 157 149 212 37 196 4 40 186 192 45 132 49 213
214 88 62 254 75 196 54 192 169 22 225 11 108 222 47 123 166 241 219 67 100 39 58 233 211 241 74 11 80 51 39 219
67 211 5 129 162 18 172 157 46 121 18 231 141 6 220 226 38 5 127 149 215 152 135 213 164 32 254 198 28 4 169 85
1 149 107 233 52 226 171 119 84 73 91 242 145 63 184 96 126 27 23 169 147 152 37 95 108 175 186 192 181 138 177 249
250 2 106 168 26 2 88 72 133 4 209 163 9 142 34 80 126 149 207 229 12 3 4 204 210 225 170 153 53 6 44 83
39 36 194 65 213 191 234 66 91 225 125 86 136 232 223 172 217 12 18 29 151 178 220 194 14 28 129 102 207 239 90 132
163 106 224 21 69 29 232 66 89 166 244 159 42 136 215 191 72 236 226 79 236 246 214 226 22 26 208 59 79 189 90 140
2 133 34 139 215 247 186 71 13 69 75 19 204 254 62 192 249 27 147 177 22 144 56 223 47 52 138 67 149 78 181 214
135 251 109 211 230 153 173 188 126 125 86 246 189 68 222 41 39 75 23 223 211 92 111 117 108 9 255 228 13 144 129 253
186 221 55 254 185 245 87 246 185 78 253 49 126 255 44 181 199 243 149 98 225 39 58 255 243 255 116 155 82 215 166 123
87 54 130 131 210 162 184 64 174 225 155 231 204 202 239 202 247 37 255 181 149 145 141 192 156 36 171 198 140 103 41 21
154 202 98 157 71 146 236 103 21 66 82 179 40 142 52 196 110 171 147 197 230 188 4 235 54 126 158 128 55 156 241 204
25 205 126 236 54 134 255 183 164 72 222 199 189 143 178 97 102 51 29 205 225 137 6 253 224 233 238 128 61 144 169 25
35 32 99 73 108 29 232 80 109 104 242 70 152 136 180 172 104 136 94 253 133 183 117 208 22 24 130 228 79 140 120 164
50 137 106 170 94 129 155 192 134 4 221 130 57 206 49 64 126 187 23 195 10 131 42 253 115 77 170 169 53 11 52 202
194 190 23 176 51 236 48 55 189 73 99 112 174 150 0 244 167 59 236 0 55 205 130 199 128 246 26 194 10 4 135 31
9 185 18 113 81 253 176 71 235 65 104 8 190 152 6 180 128 59 66 0 23 184 144 69 13 253 18 107 74 0 203 142
3 145 243 223 100 252 185 23 171 85 94 130 172 190 182 110 238 59 51 137 131 184 178 225 7 56 154 130 14 76 113 253
222 88 63 254 75 244 182 192 169 86 181 27 108 223 47 95 166 241 211 98 100 103 58 232 179 249 66 11 67 119 47 215
223 93 255 190 234 38 63 240 169 218 147 227 92 254 41 75 230 245 255 231 224 199 138 232 240 251 111 138 12 115 33 83
61 120 106 108 85 219 82 96 65 192 228 8 51 89 23 176 88 168 212 106 204 182 116 61 115 249 0 57 103 191 94 238
174 176 33 155 93 245 187 200 31 85 69 19 204 222 126 204 217 25 147 145 51 54 123 211 15 86 155 111 147 15 53 246
55 227 104 170 252 145 206 252 6 16 217 202 81 200 248 32 94 200 23 255 222 34 110 181 126 9 175 236 53 155 240 129
53 79 67 206 22 130 239 112 68 192 219 198 113 99 177 96 122 236 22 238 201 179 45 63 48 172 163 128 61 187 112 160
63 235 72 168 252 145 202 216 135 32 152 239 3 200 255 128 93 200 151 255 142 35 78 189 186 77 175 252 189 159 122 128
182 103 98 224 54 195 90 84 21 200 240 170 43 206 181 17 126 185 151 240 168 163 36 222 250 205 175 184 165 168 118 249
7 182 239 83 246 7 175 249 94 235 86 246 81 108 159 37 63 78 22 189 179 248 45 127 108 14 175 196 237 232 241 245
11 34 71 73 109 157 232 80 109 105 242 78 136 136 212 236 238 136 94 157 135 184 101 192 6 88 154 138 79 140 121 133
77 127 123 101 112 14 127 48 41 172 126 76 223 39 129 16 150 253 119 110 193 144 225 78 239 255 37 132 106 179 67 113
124 241 251 102 129 78 87 252 115 162 164 8 95 119 72 50 49 220 108 106 73 99 185 42 251 239 5 53 99 242 198 34
21 223 15 170 178 132 47 253 172 64 90 231 245 230 185 96 118 99 31 239 209 129 30 125 232 160 175 140 60 243 161 81
1 34 71 9 108 155 232 80 108 105 114 230 161 8 150 236 110 12 110 157 135 184 101 208 4 40 178 192 77 140 89 173
88 169 18 242 139 217 20 103 171 21 162 25 46 155 98 146 160 187 201 0 90 107 130 229 251 209 20 123 66 0 143 10
178 251 51 154 125 213 154 224 157 76 240 111 44 204 39 129 220 185 151 195 238 43 10 253 178 81 170 187 85 31 117 223
3 201 0 155 85 197 170 236 22 1 72 2 236 218 56 64 121 107 19 209 66 24 90 255 45 22 158 99 28 14 185 142
214 77 46 190 172 100 126 164 185 218 155 3 108 126 63 75 230 247 125 227 104 197 11 239 179 242 206 147 4 115 165 91
2 201 2 155 23 197 178 228 30 1 64 3 44 218 48 0 249 123 147 209 66 184 26 255 173 22 158 99 21 30 189 138
14 221 51 186 245 205 187 246 31 69 88 7 188 221 34 64 249 123 147 85 83 56 58 247 127 29 155 106 30 13 177 250
35 39 99 13 84 31 227 120 86 232 125 198 112 192 183 164 120 236 18 239 141 178 125 222 52 44 161 160 111 175 114 244
45 124 87 85 99 91 164 232 121 226 118 170 72 212 197 189 59 252 226 106 69 246 175 204 30 26 69 39 103 181 79 173
252 98 252 100 40 75 71 24 224 174 180 40 83 193 193 27 8 212 108 106 72 103 235 8 211 201 97 61 96 179 70 33
52 124 211 83 243 249 182 198 123 194 122 96 40 242 229 188 59 122 130 18 35 180 164 106 54 126 20 35 235 115 111 173
153 91 111 165 38 66 15 55 4 224 214 231 179 38 147 99 110 229 61 237 233 152 101 12 224 161 238 144 45 184 148 121
138 8 131 157 105 240 168 66 30 78 80 147 172 134 33 204 207 43 179 132 2 156 98 243 4 54 154 139 22 84 37 220
47 232 224 26 223 145 198 200 211 82 237 10 72 200 127 172 89 232 146 223 142 38 222 243 62 92 133 127 255 191 120 134
208 67 75 168 66 96 41 87 36 5 210 167 5 7 32 88 106 153 15 225 72 19 193 192 212 160 170 201 53 128 166 242
255 16 98 234 102 20 218 88 81 73 245 254 91 204 190 112 126 141 23 175 191 183 172 215 18 233 162 204 127 143 122 213
45 236 229 71 116 27 238 184 127 226 122 76 251 104 149 180 123 204 118 110 237 244 237 255 46 126 101 132 111 255 90 132
39 108 226 193 213 179 234 194 95 227 124 2 8 136 245 44 123 232 19 157 134 178 36 218 62 28 135 231 231 253 120 132
131 149 103 223 215 212 188 103 221 75 87 146 236 254 188 229 230 59 147 137 243 152 62 255 39 58 218 194 23 12 177 189
95 51 2 129 147 54 170 81 172 97 139 199 76 198 122 196 118 141 251 181 151 145 157 192 156 4 139 198 142 135 169 213
147 129 109 255 142 192 189 53 204 81 215 18 253 62 188 99 102 19 63 233 249 141 39 253 231 235 250 128 53 140 177 105
218 34 34 172 11 64 24 72 133 4 193 171 13 143 34 80 126 185 207 225 12 7 134 220 146 225 138 185 55 134 36 82
6 28 184 155 237 229 176 198 158 91 92 17 172 223 103 72 205 123 179 21 2 84 82 243 71 95 218 171 144 93 57 155
246 93 126 254 203 100 183 236 169 22 244 43 124 255 45 91 234 211 211 226 96 39 58 233 115 187 70 11 81 115 167 211
242 99 106 168 74 3 153 64 37 4 214 175 13 142 34 80 110 149 207 229 8 131 193 192 208 225 170 155 53 4 39 203
35 47 64 9 245 191 170 199 77 233 88 198 128 8 183 164 92 42 146 157 151 186 69 222 46 28 134 224 223 140 248 141
191 75 72 168 28 19 78 252 135 224 180 143 19 202 243 1 88 200 31 253 236 35 68 156 250 201 173 252 61 189 122 152
47 191 112 193 247 189 186 211 15 109 124 239 12 220 247 164 159 59 151 85 151 56 104 255 47 93 47 238 223 207 211 215
24 151 127 239 182 194 111 55 100 9 95 162 121 47 184 97 126 146 159 169 249 152 33 189 231 237 170 192 55 138 180 121
70 77 159 190 172 36 174 169 136 138 154 67 244 250 41 75 245 247 63 227 64 67 138 107 177 54 239 24 16 115 161 3
91 88 63 188 46 132 95 244 133 202 210 98 61 159 177 99 230 241 63 203 201 143 34 237 177 251 234 138 61 177 33 121
2 161 105 161 246 195 169 111 30 101 88 251 149 12 84 0 63 27 23 157 147 184 109 215 109 12 175 228 149 10 151 241
121 76 47 236 29 86 73 110 197 192 206 2 187 223 49 98 200 229 121 233 73 171 115 141 243 249 138 24 58 56 112 106
179 82 106 172 84 23 210 88 69 204 249 207 3 8 55 16 220 168 7 231 204 163 84 158 242 205 160 186 125 175 122 87
1 98 106 9 108 25 233 80 204 108 247 238 131 8 182 224 110 128 78 237 141 179 101 192 20 24 170 144 93 138 121 213
47 110 232 65 246 63 255 218 91 231 60 142 25 172 215 44 63 205 23 157 134 118 172 210 30 77 167 228 231 253 215 244
166 220 127 254 251 149 30 247 185 26 60 57 108 127 44 53 199 115 151 34 242 7 42 255 179 255 86 187 82 242 167 59
35 193 36 138 245 149 222 231 143 73 88 7 172 78 62 192 204 43 151 197 247 42 82 253 47 89 142 202 28 12 248 159
11 144 231 145 54 178 233 19 124 65 83 246 153 6 148 236 103 140 62 157 147 156 37 199 4 46 186 192 175 132 49 245
88 18 10 161 0 128 57 82 36 69 198 167 157 135 66 72 110 169 143 149 10 156 209 128 212 225 186 193 46 132 61 218
33 229 97 74 93 223 199 109 87 100 125 8 82 212 188 36 24 8 82 110 251 34 108 31 101 28 1 124 83 138 214 228
178 217 124 206 126 129 222 252 141 80 244 167 104 77 191 1 222 241 151 227 234 35 74 253 114 24 170 154 95 155 112 155
137 82 70 17 100 157 168 23 108 93 114 86 136 136 214 237 110 41 38 157 151 184 103 208 4 57 178 192 95 140 105 221
51 65 98 8 109 31 232 80 205 96 241 78 138 8 182 164 232 128 94 237 205 163 84 200 146 24 130 188 95 14 122 132
124 249 187 100 137 78 87 237 227 172 174 8 91 183 64 50 176 212 236 98 72 107 184 8 251 239 37 53 98 50 230 98
50 175 106 234 94 225 203 240 134 4 216 163 33 203 177 64 90 250 23 195 10 11 10 189 112 205 170 169 53 139 116 171
184 91 122 236 118 139 91 112 21 36 124 171 43 141 179 16 62 185 135 99 200 179 36 159 242 197 33 161 119 191 86 251
86 95 255 158 174 32 158 252 137 210 158 163 124 238 57 107 119 243 127 227 197 67 142 233 242 35 207 154 53 247 169 17
2 220 118 221 110 144 188 231 157 18 86 162 44 62 181 109 239 51 59 129 224 141 39 253 38 58 222 130 31 92 177 189
6 21 226 137 214 51 190 203 78 97 89 151 64 232 125 40 251 27 19 177 150 178 61 214 44 14 143 199 149 95 241 134
28 135 106 171 182 163 235 90 84 65 95 242 209 111 184 96 127 139 23 189 155 144 45 151 236 237 186 196 181 203 177 193
38 191 112 200 247 223 186 249 15 109 124 171 12 221 60 132 190 27 151 113 210 58 8 255 47 92 13 239 215 14 223 215
34 201 75 234 86 193 191 229 4 0 220 2 49 223 48 96 94 187 19 201 66 42 32 255 117 141 174 201 21 26 181 170
34 203 40 138 93 133 190 236 142 29 80 3 168 206 124 0 216 27 147 211 82 11 10 245 61 16 143 239 16 26 181 138
10 206 98 157 87 144 236 103 93 2 90 243 40 138 180 196 106 171 147 133 230 188 4 239 52 126 158 131 55 92 185 140
87 187 193 129 242 27 174 215 43 225 24 239 140 46 223 148 55 207 223 245 151 25 140 196 188 20 47 246 141 151 139 213
3 251 109 129 106 153 173 184 206 252 20 230 188 148 215 38 38 9 127 207 195 24 110 113 68 8 111 172 28 128 3 253
6 21 42 170 247 230 190 75 12 65 91 3 220 254 56 96 255 59 19 179 151 145 24 222 171 55 139 198 148 75 189 210
3 141 99 202 214 133 238 119 13 65 88 70 61 203 52 68 126 43 19 141 211 152 22 223 36 60 138 192 29 142 177 136
122 149 102 108 147 86 84 127 1 79 222 39 74 61 54 247 252 151 189 161 220 203 49 141 115 127 216 151 35 100 252 95
252 106 120 100 40 73 71 24 161 174 180 168 211 5 193 27 8 244 108 106 72 103 235 40 211 193 97 61 96 179 70 99
49 58 113 67 112 173 99 210 102 77 125 100 50 144 198 52 49 42 6 88 147 184 52 55 13 140 48 66 233 131 70 237
53 79 67 207 84 2 239 113 84 192 219 198 113 99 177 100 124 236 22 238 233 179 45 15 48 172 167 128 61 187 240 160
19 76 202 156 214 176 190 230 148 66 94 151 41 238 51 72 111 251 147 135 164 143 6 239 114 111 190 136 61 253 185 216
189 74 110 120 110 19 203 216 213 86 244 215 83 201 183 127 126 232 23 238 232 231 60 188 82 233 225 156 127 189 112 208
50 30 104 64 50 251 147 42 15 236 190 175 2 28 151 48 158 181 221 33 156 171 101 222 122 92 169 247 245 142 84 87
24 141 110 233 182 162 123 191 68 1 94 130 89 47 184 96 127 146 31 248 186 184 37 191 238 239 162 196 183 138 244 56
169 205 115 90 81 213 119 228 85 0 100 2 56 215 36 181 120 186 146 74 99 47 56 255 35 217 4 106 115 158 234 172
2 206 194 157 87 144 172 71 29 3 90 130 40 170 180 196 126 171 147 133 230 188 4 239 38 54 158 131 31 92 185 140
219 88 35 188 45 132 95 246 133 74 214 98 60 223 49 102 236 241 63 195 201 15 50 235 243 249 234 154 30 189 48 123
171 149 53 235 188 133 221 61 143 89 157 50 191 92 184 97 206 19 31 45 251 43 123 157 233 217 190 222 92 138 209 249
162 193 67 232 84 195 143 245 20 1 84 2 57 223 176 101 88 187 23 201 106 186 32 255 97 236 174 200 53 152 244 168
130 203 46 188 44 132 188 244 140 26 214 7 172 206 50 67 206 113 191 199 224 207 18 237 96 51 218 136 28 28 57 155
255 25 111 225 156 70 79 248 5 176 150 2 83 27 49 99 104 196 93 250 249 225 57 140 187 201 199 212 39 249 240 96
0 152 63 217 114 236 177 18 254 25 123 112 180 159 172 104 167 59 23 24 147 184 50 117 77 190 50 192 208 129 101 163
2 92 182 221 46 52 188 134 140 66 222 162 172 62 53 74 230 115 187 129 129 137 115 233 7 62 222 138 156 112 33 153
6 157 186 168 150 227 191 195 142 1 72 2 212 250 49 96 251 123 19 241 18 152 24 254 233 39 143 70 148 123 177 130
54 166 104 203 180 183 235 200 79 37 189 19 73 105 254 32 121 138 23 189 158 178 109 151 78 205 163 244 247 203 212 196
147 205 98 156 12 177 238 230 148 66 216 147 33 174 54 96 109 235 19 141 238 143 38 255 50 110 154 136 53 220 176 204
3 149 119 223 71 212 188 109 28 3 83 2 108 254 60 228 255 51 51 163 231 156 63 223 37 62 222 130 21 18 177 172
62 165 96 235 221 231 218 217 71 49 253 3 73 77 124 0 125 155 151 177 154 58 89 149 235 221 139 229 247 142 244 178
128 161 105 161 182 203 173 253 30 97 82 242 149 13 184 33 62 27 23 189 243 188 37 31 237 137 190 228 53 136 149 249
19 141 102 206 150 132 174 119 140 72 88 70 60 202 52 229 106 35 19 141 243 137 20 255 32 44 138 192 29 14 185 140
33 253 19 65 213 159 230 119 77 200 126 68 56 152 180 164 232 42 18 88 211 184 52 252 47 28 4 66 91 12 216 189
191 94 82 76 115 145 74 120 157 64 245 206 105 195 165 181 126 185 150 234 237 39 28 255 50 216 1 42 127 175 106 149
222 31 66 160 242 146 110 113 49 140 254 231 13 199 179 212 126 169 135 254 248 155 4 238 186 68 175 200 175 167 170 213
38 136 212 255 67 136 254 172 59 19 97 10 109 107 60 25 43 211 35 194 82 40 10 245 31 190 86 75 247 178 195 142
155 2 67 129 70 16 168 80 101 73 83 246 137 142 254 236 110 141 62 157 135 148 165 192 20 104 186 196 47 133 57 213
29 135 106 233 180 163 75 250 84 33 223 194 91 107 184 96 127 138 31 249 155 177 13 159 248 205 171 196 181 203 176 33
162 251 234 159 103 153 188 119 25 94 84 167 172 140 246 13 174 43 183 5 198 252 134 225 6 112 126 171 71 92 223 223
7 29 162 129 149 35 174 207 94 225 216 7 144 232 117 64 249 75 19 177 147 187 21 218 40 28 143 230 157 125 241 148
50 93 107 238 94 225 207 214 134 0 216 34 49 221 177 32 110 251 23 203 138 170 42 253 112 13 170 168 53 219 116 168
89 95 111 101 50 14 79 55 32 192 142 196 115 39 146 115 38 228 124 238 233 137 181 12 242 233 100 144 46 176 128 121
87 190 143 190 136 172 28 175 190 243 130 221 215 234 82 218 197 103 125 149 191 73 219 51 153 247 223 92 136 112 171 80
38 191 88 138 252 193 154 237 15 13 120 42 132 206 108 0 223 27 151 81 82 42 74 245 45 20 143 239 213 10 212 131
3 157 186 157 224 237 188 199 62 75 90 37 188 190 114 72 183 123 147 133 215 152 18 243 101 54 30 130 156 84 169 219
54 141 69 216 156 131 206 235 151 178 184 130 97 106 61 161 89 195 95 163 122 39 79 255 56 14 143 252 181 248 240 160
15 152 119 91 51 248 187 144 253 89 127 48 252 222 174 236 167 59 150 24 151 180 62 245 6 126 18 195 222 135 105 213
118 136 213 254 29 128 74 168 143 19 138 2 231 227 60 86 209 227 43 33 10 11 75 253 153 182 223 30 176 170 112 10
2 192 184 155 237 45 189 143 14 31 88 0 172 186 93 74 201 11 59 17 2 40 251 241 69 30 222 170 148 88 149 203
89 185 18 108 113 156 112 119 233 9 108 76 190 147 34 176 164 43 68 76 199 185 176 77 243 253 32 74 74 6 203 11
120 249 187 100 81 207 87 247 99 172 236 8 63 247 64 48 152 252 68 96 72 59 176 14 243 205 5 47 98 50 102 106
191 207 97 238 182 115 206 252 81 230 189 207 91 109 191 33 95 203 21 239 237 34 108 190 250 223 165 180 247 255 212 245
178 217 116 232 30 7 222 252 197 52 176 166 27 77 188 1 126 145 95 230 234 35 93 189 242 201 167 220 119 154 240 41
121 145 57 238 13 198 85 57 85 72 197 8 251 211 56 112 216 168 29 42 73 39 120 157 227 253 146 56 26 10 208 58
240 104 123 82 120 157 82 192 227 4 164 8 35 137 85 48 168 232 68 90 14 111 250 49 91 217 1 121 65 131 70 236
2 135 6 159 4 194 189 103 60 6 82 35 236 170 40 65 120 47 35 129 112 184 1 205 100 54 218 131 4 0 181 138
34 141 76 205 92 3 236 111 140 160 154 138 241 41 48 2 73 164 123 169 80 59 69 220 60 7 223 148 21 104 88 8
26 141 100 235 181 151 234 233 76 0 89 2 121 90 60 65 250 131 23 225 222 168 27 253 107 201 170 192 53 14 249 138
54 165 112 203 215 227 218 232 79 49 249 2 104 120 124 128 219 139 147 177 154 58 89 221 47 92 143 231 213 74 112 134
190 78 66 156 74 145 223 80 145 6 244 239 41 206 183 221 126 169 135 231 236 7 6 236 50 97 234 153 63 189 62 213
157 143 103 233 182 7 75 190 21 112 150 198 95 43 176 97 118 199 29 236 249 153 5 157 250 235 227 212 54 173 96 32
18 215 26 190 34 208 188 125 52 75 89 231 125 246 170 64 254 27 134 160 213 139 6 95 240 167 250 138 61 2 173 155
27 195 101 255 46 16 205 61 23 81 215 214 237 106 184 229 78 131 63 173 251 137 127 213 162 250 218 212 55 140 177 108
153 26 223 53 2 218 53 55 52 198 70 228 253 167 162 213 54 61 166 8 229 220 165 76 68 227 122 129 42 164 45 249
218 137 108 253 190 146 124 179 133 16 86 163 189 47 178 69 102 179 191 232 248 24 103 253 230 251 226 197 54 140 252 73
251 149 101 254 252 20 77 61 21 91 245 86 123 67 184 117 94 130 55 172 251 14 127 159 242 251 240 200 63 136 240 56
169 149 117 203 221 147 136 121 70 17 217 82 88 88 60 165 120 10 18 185 243 43 125 213 44 8 138 116 31 10 240 160
242 72 68 220 44 9 204 184 157 50 176 138 187 9 181 79 78 241 63 231 105 39 67 251 144 250 202 152 23 189 81 9
154 93 52 189 45 239 154 242 141 88 148 37 175 93 51 5 142 51 223 99 228 173 2 189 227 211 106 147 94 13 9 91
61 149 101 233 180 55 75 249 87 121 157 86 83 105 184 36 123 138 31 190 187 48 125 149 250 205 161 212 191 139 208 32
50 141 107 238 86 129 203 246 70 0 216 226 49 173 177 32 74 250 23 203 203 170 102 189 112 140 170 168 53 155 112 168
122 128 193 172 95 2 72 107 3 161 216 139 73 170 52 228 123 165 55 169 24 27 197 223 154 238 139 188 55 174 112 8
131 200 87 223 14 210 172 245 148 82 210 18 124 90 176 231 106 33 59 203 97 205 39 253 32 42 218 128 29 152 177 172
66 192 184 239 44 84 156 175 14 65 152 130 253 46 56 96 207 151 63 129 203 12 123 211 229 253 154 156 20 26 177 8
7 217 139 128 148 135 142 231 30 161 218 70 132 184 112 64 249 107 27 245 25 187 17 222 185 6 143 198 149 56 176 138
7 153 46 136 252 181 186 234 206 89 218 66 216 250 60 96 253 67 59 243 151 43 31 245 24 62 139 206 157 11 49 4
3 63 114 8 243 243 186 86 77 204 124 231 40 204 183 164 62 59 150 149 151 186 36 254 58 28 10 203 223 215 47 253
3 204 2 159 85 144 174 231 29 1 88 130 40 170 54 196 248 43 147 133 70 188 20 255 38 62 158 3 31 28 249 140
105 128 160 172 77 125 69 63 67 79 93 12 182 249 90 180 217 138 18 13 207 50 242 147 199 125 144 56 90 76 218 126
162 205 12 156 78 193 172 239 148 22 208 179 44 174 48 65 204 59 19 225 98 47 2 255 52 0 218 137 21 24 181 138
8 145 58 104 116 205 121 119 109 9 116 8 63 147 32 48 166 59 23 72 82 184 48 29 119 237 48 72 82 128 102 171
2 135 96 203 245 151 168 111 95 45 89 18 200 40 60 132 249 11 147 177 182 184 73 215 46 30 158 198 213 14 209 132
45 173 104 201 214 179 218 254 70 97 220 2 17 232 246 32 95 138 19 249 151 186 109 223 122 13 175 228 253 203 248 192
60 135 100 235 188 35 203 249 71 53 157 147 203 105 56 64 91 131 159 187 186 33 73 157 248 205 139 212 183 143 212 64
90 200 180 237 46 64 207 169 15 22 147 18 223 74 56 98 247 213 63 163 72 5 203 211 215 255 222 156 52 178 165 32
83 204 76 157 15 51 152 174 158 54 144 135 224 106 55 203 203 195 235 229 46 107 95 253 190 18 223 31 157 93 121 76
218 122 254 116 43 92 93 146 169 222 182 169 47 159 215 255 166 245 253 71 236 71 162 224 211 251 116 155 38 245 46 127
223 126 254 117 50 94 127 50 113 238 86 231 123 63 151 117 55 245 181 238 229 220 181 174 123 239 101 130 175 244 111 125
45 236 249 227 236 47 79 187 94 191 189 8 211 117 217 48 89 218 23 58 234 114 121 55 239 159 101 244 208 250 214 225
232 226 120 98 77 205 67 216 97 8 160 72 51 221 92 49 152 152 68 98 234 38 250 53 87 217 32 57 97 131 70 170
236 122 152 100 40 45 81 16 168 174 52 77 151 131 65 26 132 124 109 94 8 68 210 0 195 217 97 56 200 177 66 19
94 224 172 50 139 112 93 141 50 119 133 153 219 239 91 123 19 223 253 151 30 71 255 160 211 227 223 189 166 247 174 118
55 78 106 152 194 50 172 83 52 198 212 215 1 142 183 73 127 169 151 189 164 150 4 202 22 47 250 140 189 245 58 212
156 141 100 225 149 171 75 250 87 180 158 147 207 41 19 1 123 132 159 251 184 177 93 188 251 203 137 117 183 237 84 32
61 133 102 225 182 243 123 249 85 113 127 2 91 93 190 97 122 130 23 250 186 176 61 149 251 201 161 196 119 143 240 98
10 68 34 131 85 231 170 103 76 129 75 3 104 200 60 64 248 43 19 145 2 184 16 255 61 4 158 65 149 10 181 170
34 14 14 191 76 160 175 98 148 6 80 199 113 238 49 73 77 99 51 131 96 156 66 233 4 34 250 136 21 233 52 152
61 45 101 225 214 187 107 210 71 241 158 6 91 41 177 37 107 196 31 252 187 184 125 188 94 201 161 116 191 235 80 224
134 129 32 139 213 195 186 73 94 33 83 19 200 72 62 72 249 11 147 177 54 184 93 215 13 22 155 71 149 14 253 134
211 193 101 251 44 18 76 45 15 49 147 146 207 75 156 103 86 133 61 239 251 68 111 213 162 250 222 212 54 142 144 36
194 202 87 156 110 130 124 38 157 26 210 243 44 174 180 83 230 165 63 197 96 77 0 221 176 58 250 154 20 184 33 9
83 204 85 237 46 14 108 35 173 50 211 66 159 43 48 115 231 165 61 143 200 29 153 253 183 250 223 164 52 162 161 32
66 196 40 235 180 13 95 57 31 43 219 18 223 155 120 64 223 141 63 137 218 28 217 215 245 253 186 252 20 10 145 2
131 197 85 219 172 17 140 45 197 50 145 82 248 24 188 231 72 19 62 171 123 45 79 213 164 58 218 212 31 136 240 44
226 196 29 191 108 9 252 175 29 58 147 123 196 26 60 75 203 1 127 35 98 45 75 213 180 58 222 214 20 24 213 11
182 129 124 251 189 67 220 169 79 48 145 18 219 88 60 97 218 131 127 227 126 45 75 221 191 219 203 213 53 10 208 2
86 138 32 169 156 147 206 33 23 39 211 143 139 142 118 192 223 173 191 131 90 62 73 215 190 245 175 253 53 46 148 16
199 141 34 168 220 165 170 206 94 65 216 2 28 186 113 96 255 139 59 241 166 11 23 255 121 4 143 108 149 77 49 10
57 141 104 233 148 135 203 255 70 96 220 2 17 9 50 32 88 130 19 249 154 186 117 157 121 205 175 68 245 136 240 200
28 133 106 235 21 167 235 234 70 1 77 2 81 107 56 64 121 130 19 187 26 176 25 191 251 205 139 69 181 75 112 2
161 177 123 75 116 205 97 117 124 73 125 0 178 151 164 48 60 58 86 8 147 184 48 93 103 153 32 64 82 130 199 185
82 200 240 237 38 8 158 35 15 35 155 74 159 139 112 64 247 173 63 131 72 21 137 211 247 244 139 189 52 58 133 2
93 216 10 161 36 142 91 176 172 236 18 101 151 151 163 64 196 37 61 93 201 25 1 60 200 225 171 212 12 35 17 91
52 236 234 233 84 199 219 202 86 163 4 18 17 217 121 8 121 200 19 217 26 55 28 178 91 143 143 101 245 57 112 130
111 154 97 1 101 221 113 50 75 252 54 108 30 149 214 188 161 36 55 77 145 58 48 148 30 24 97 230 222 173 82 245
168 139 58 120 116 141 121 118 236 13 116 0 63 147 34 48 164 58 6 72 194 184 32 29 103 233 32 73 80 128 102 171
253 129 101 233 252 19 76 185 69 112 183 18 91 107 188 247 122 130 63 238 251 50 111 149 94 235 225 212 55 142 240 160
35 205 67 207 86 161 170 230 23 1 88 98 32 184 181 100 90 106 19 201 2 186 68 255 36 44 138 128 61 155 112 140
7 147 106 136 70 21 187 232 15 85 93 135 76 236 254 0 126 201 147 199 214 50 190 241 94 28 203 239 125 143 187 213
94 56 242 0 227 188 186 82 171 255 61 175 12 190 71 158 167 125 245 21 148 83 146 192 31 85 31 239 207 101 15 215
219 28 239 100 19 126 127 55 49 230 254 175 107 124 151 112 55 245 221 165 173 157 53 206 243 111 5 131 103 228 38 127
71 28 155 156 108 44 186 18 156 138 91 114 148 188 225 106 207 109 63 15 128 53 194 226 20 62 250 154 148 121 17 1
236 246 120 105 120 15 83 184 96 58 181 72 211 89 8 17 220 220 68 106 232 102 216 29 71 201 33 52 65 187 70 163
